[[Nothing]]
Carried out 771 GCs
Carried out 10 GCs
Generation 1
7639949 8 177 1376 7 5276 2373 1636 
3960 0 0 0 0 6 1 7 
3443 0 0 0 0 0 29 0 
1923 0 8 0 0 14 10 0 
68 0 0 0 0 0 0 0 
1563 0 0 0 0 0 10 0 
524 0 0 0 0 0 41 0 
1382 0 0 0 0 0 14 0 
Generation 2
202595 220953 75927 107935 30184 41493 89360 121436 
34 121 185 0 66 84 20 456 
45 18 98 0 5 60 8 130 
72 52 85 5 0 58 4 0 
11 3 0 0 0 0 0 11 
40 13 1 0 0 10 0 123 
109 19 10 1 0 38 2 2 
441 1 0 0 0 12 0 238 
Generation 3
17425 17689 11115 934 1983 870 799 928 
25 16 0 6 0 0 0 0 
40 16 0 0 0 6 0 0 
37 14 0 6 0 0 0 0 
21 0 0 0 0 0 6 0 
66 20 0 0 0 0 0 0 
24 2 0 0 0 7 0 0 
21 6 0 0 0 0 0 0 
Carried out 2 GCs
Carried out 2 GCs
Generation 1
0 0 0 0 0 0 0 0 
376803 5436 1338 0 0 0 0 609 
0 0 0 0 0 0 0 0 
0 0 0 0 0 0 0 0 
0 0 0 0 0 0 0 0 
0 0 0 0 0 0 0 0 
0 0 0 0 0 0 0 0 
0 0 0 0 0 0 0 0 
Generation 2
0 0 0 0 0 0 0 0 
65516 92574 99128 12636 69827 6220 90285 22618 
0 0 0 0 0 0 0 0 
0 0 0 0 0 0 0 0 
0 0 0 0 0 0 0 0 
0 0 0 0 0 0 0 0 
0 0 0 0 0 0 0 0 
0 0 0 0 0 0 0 0 
Generation 3
0 0 0 0 0 0 0 0 
4185 7911 3335 1249 1266 894 874 1000 
0 0 0 0 0 0 0 0 
0 0 0 0 0 0 0 0 
0 0 0 0 0 0 0 0 
0 0 0 0 0 0 0 0 
0 0 0 0 0 0 0 0 
0 0 0 0 0 0 0 0 
Carried out 0 GCs
Carried out 0 GCs
Generation 1
0 0 0 0 0 0 0 0 
0 0 0 0 0 0 0 0 
282 0 2421 0 812 36 3170 0 
0 0 0 0 0 0 0 0 
0 0 0 0 0 0 0 0 
0 0 0 0 0 0 0 0 
0 0 0 0 0 0 0 0 
0 0 0 0 0 0 0 0 
Generation 2
0 0 0 0 0 0 0 0 
0 0 0 0 0 0 0 0 
9617 125416 44258 11822 33524 13615 164482 81492 
0 0 0 0 0 0 0 0 
0 0 0 0 0 0 0 0 
0 0 0 0 0 0 0 0 
0 0 0 0 0 0 0 0 
0 0 0 0 0 0 0 0 
Generation 3
0 0 0 0 0 0 0 0 
0 0 0 0 0 0 0 0 
636 3337 637 654 790 4298 371 407 
0 0 0 0 0 0 0 0 
0 0 0 0 0 0 0 0 
0 0 0 0 0 0 0 0 
0 0 0 0 0 0 0 0 
0 0 0 0 0 0 0 0 
Carried out 1 GCs
Carried out 1 GCs
Generation 1
0 0 0 0 0 0 0 0 
0 0 0 0 0 0 0 0 
0 0 0 0 0 0 0 0 
281 0 0 5 0 0 0 0 
0 0 0 0 0 0 0 0 
0 0 0 0 0 0 0 0 
0 0 0 0 0 0 0 0 
0 0 0 0 0 0 0 0 
Generation 2
0 0 0 0 0 0 0 0 
0 0 0 0 0 0 0 0 
0 0 0 0 0 0 0 0 
24905 88191 52495 63383 24524 25368 12300 67652 
0 0 0 0 0 0 0 0 
0 0 0 0 0 0 0 0 
0 0 0 0 0 0 0 0 
0 0 0 0 0 0 0 0 
Generation 3
0 0 0 0 0 0 0 0 
0 0 0 0 0 0 0 0 
0 0 0 0 0 0 0 0 
390 756 1173 444 994 1258 472 423 
0 0 0 0 0 0 0 0 
0 0 0 0 0 0 0 0 
0 0 0 0 0 0 0 0 
0 0 0 0 0 0 0 0 
Carried out 0 GCs
Carried out 0 GCs
Generation 1
0 0 0 0 0 0 0 0 
0 0 0 0 0 0 0 0 
0 0 0 0 0 0 0 0 
0 0 0 0 0 0 0 0 
282 0 22 77 5 1421 48 0 
0 0 0 0 0 0 0 0 
0 0 0 0 0 0 0 0 
0 0 0 0 0 0 0 0 
Generation 2
0 0 0 0 0 0 0 0 
0 0 0 0 0 0 0 0 
0 0 0 0 0 0 0 0 
0 0 0 0 0 0 0 0 
29277 45298 27344 2260 33072 47445 2779 74376 
0 0 0 0 0 0 0 0 
0 0 0 0 0 0 0 0 
0 0 0 0 0 0 0 0 
Generation 3
0 0 0 0 0 0 0 0 
0 0 0 0 0 0 0 0 
0 0 0 0 0 0 0 0 
0 0 0 0 0 0 0 0 
420 1889 525 443 994 320 371 407 
0 0 0 0 0 0 0 0 
0 0 0 0 0 0 0 0 
0 0 0 0 0 0 0 0 
Carried out 0 GCs
Carried out 0 GCs
Generation 1
0 0 0 0 0 0 0 0 
0 0 0 0 0 0 0 0 
0 0 0 0 0 0 0 0 
0 0 0 0 0 0 0 0 
0 0 0 0 0 0 0 0 
281 0 0 0 0 5 0 0 
0 0 0 0 0 0 0 0 
0 0 0 0 0 0 0 0 
Generation 2
0 0 0 0 0 0 0 0 
0 0 0 0 0 0 0 0 
0 0 0 0 0 0 0 0 
0 0 0 0 0 0 0 0 
0 0 0 0 0 0 0 0 
23092 43698 21213 5912 79 1760 9605 127 
0 0 0 0 0 0 0 0 
0 0 0 0 0 0 0 0 
Generation 3
0 0 0 0 0 0 0 0 
0 0 0 0 0 0 0 0 
0 0 0 0 0 0 0 0 
0 0 0 0 0 0 0 0 
0 0 0 0 0 0 0 0 
377 756 299 443 994 320 371 420 
0 0 0 0 0 0 0 0 
0 0 0 0 0 0 0 0 
Carried out 0 GCs
Carried out 0 GCs
Generation 1
0 0 0 0 0 0 0 0 
0 0 0 0 0 0 0 0 
0 0 0 0 0 0 0 0 
0 0 0 0 0 0 0 0 
0 0 0 0 0 0 0 0 
0 0 0 0 0 0 0 0 
281 0 0 0 0 0 5 0 
0 0 0 0 0 0 0 0 
Generation 2
0 0 0 0 0 0 0 0 
0 0 0 0 0 0 0 0 
0 0 0 0 0 0 0 0 
0 0 0 0 0 0 0 0 
0 0 0 0 0 0 0 0 
0 0 0 0 0 0 0 0 
54269 2231 19909 26591 29988 20312 5976 64172 
0 0 0 0 0 0 0 0 
Generation 3
0 0 0 0 0 0 0 0 
0 0 0 0 0 0 0 0 
0 0 0 0 0 0 0 0 
0 0 0 0 0 0 0 0 
0 0 0 0 0 0 0 0 
0 0 0 0 0 0 0 0 
379 741 299 443 994 333 372 422 
0 0 0 0 0 0 0 0 
Carried out 0 GCs
Carried out 0 GCs
Generation 1
0 0 0 0 0 0 0 0 
0 0 0 0 0 0 0 0 
0 0 0 0 0 0 0 0 
0 0 0 0 0 0 0 0 
0 0 0 0 0 0 0 0 
0 0 0 0 0 0 0 0 
0 0 0 0 0 0 0 0 
1390980 0 0 0 0 0 0 5 
Generation 2
0 0 0 0 0 0 0 0 
0 0 0 0 0 0 0 0 
0 0 0 0 0 0 0 0 
0 0 0 0 0 0 0 0 
0 0 0 0 0 0 0 0 
0 0 0 0 0 0 0 0 
0 0 0 0 0 0 0 0 
178046 22478 15353 14939 7203 458 105560 177497 
Generation 3
0 0 0 0 0 0 0 0 
0 0 0 0 0 0 0 0 
0 0 0 0 0 0 0 0 
0 0 0 0 0 0 0 0 
0 0 0 0 0 0 0 0 
0 0 0 0 0 0 0 0 
0 0 0 0 0 0 0 0 
379 1188 371 443 994 320 371 424 
Carried out 1 GCs
Carried out 1 GCs
Generation 1
287 0 5940 308 2096 1421 0 751 
0 0 0 0 0 0 0 0 
0 0 0 0 0 0 0 0 
0 0 0 0 0 0 0 0 
0 0 0 0 0 0 0 0 
0 0 0 0 0 0 0 0 
0 0 0 0 0 0 0 0 
0 0 0 0 0 0 0 0 
Generation 2
60211 151388 209910 14678 48203 63326 35758 12240 
0 0 0 0 0 0 0 0 
0 0 0 0 0 0 0 0 
0 0 0 0 0 0 0 0 
0 0 0 0 0 0 0 0 
0 0 0 0 0 0 0 0 
0 0 0 0 0 0 0 0 
0 0 0 0 0 0 0 0 
Generation 3
861 8930 575 844 738 422 371 416 
0 0 0 0 0 0 0 0 
0 0 0 0 0 0 0 0 
0 0 0 0 0 0 0 0 
0 0 0 0 0 0 0 0 
0 0 0 0 0 0 0 0 
0 0 0 0 0 0 0 0 
0 0 0 0 0 0 0 0 
Carried out 0 GCs
Carried out 0 GCs
Generation 1
0 0 0 0 0 0 0 0 
281 5 0 0 0 0 0 0 
0 0 0 0 0 0 0 0 
0 0 0 0 0 0 0 0 
0 0 0 0 0 0 0 0 
0 0 0 0 0 0 0 0 
0 0 0 0 0 0 0 0 
0 0 0 0 0 0 0 0 
Generation 2
0 0 0 0 0 0 0 0 
157455 51557 4189 8263 456 275 112983 69137 
0 0 0 0 0 0 0 0 
0 0 0 0 0 0 0 0 
0 0 0 0 0 0 0 0 
0 0 0 0 0 0 0 0 
0 0 0 0 0 0 0 0 
0 0 0 0 0 0 0 0 
Generation 3
0 0 0 0 0 0 0 0 
14234 1348 283 515 922 14061 371 439 
0 0 0 0 0 0 0 0 
0 0 0 0 0 0 0 0 
0 0 0 0 0 0 0 0 
0 0 0 0 0 0 0 0 
0 0 0 0 0 0 0 0 
0 0 0 0 0 0 0 0 
Carried out 0 GCs
Carried out 0 GCs
Generation 1
0 0 0 0 0 0 0 0 
0 0 0 0 0 0 0 0 
282 0 5 0 0 0 0 406 
0 0 0 0 0 0 0 0 
0 0 0 0 0 0 0 0 
0 0 0 0 0 0 0 0 
0 0 0 0 0 0 0 0 
0 0 0 0 0 0 0 0 
Generation 2
0 0 0 0 0 0 0 0 
0 0 0 0 0 0 0 0 
4381 22039 23940 7983 1837 15806 13352 71149 
0 0 0 0 0 0 0 0 
0 0 0 0 0 0 0 0 
0 0 0 0 0 0 0 0 
0 0 0 0 0 0 0 0 
0 0 0 0 0 0 0 0 
Generation 3
0 0 0 0 0 0 0 0 
0 0 0 0 0 0 0 0 
382 1106 372 518 926 320 371 408 
0 0 0 0 0 0 0 0 
0 0 0 0 0 0 0 0 
0 0 0 0 0 0 0 0 
0 0 0 0 0 0 0 0 
0 0 0 0 0 0 0 0 
Carried out 0 GCs
Carried out 0 GCs
Generation 1
0 0 0 0 0 0 0 0 
0 0 0 0 0 0 0 0 
0 0 0 0 0 0 0 0 
391 0 1368 357 0 0 1544 2436 
0 0 0 0 0 0 0 0 
0 0 0 0 0 0 0 0 
0 0 0 0 0 0 0 0 
0 0 0 0 0 0 0 0 
Generation 2
0 0 0 0 0 0 0 0 
0 0 0 0 0 0 0 0 
0 0 0 0 0 0 0 0 
14187 35703 45114 44192 40037 10315 37531 117093 
0 0 0 0 0 0 0 0 
0 0 0 0 0 0 0 0 
0 0 0 0 0 0 0 0 
0 0 0 0 0 0 0 0 
Generation 3
0 0 0 0 0 0 0 0 
0 0 0 0 0 0 0 0 
0 0 0 0 0 0 0 0 
379 2775 443 551 894 320 371 407 
0 0 0 0 0 0 0 0 
0 0 0 0 0 0 0 0 
0 0 0 0 0 0 0 0 
0 0 0 0 0 0 0 0 
Carried out 0 GCs
Carried out 0 GCs
Generation 1
0 0 0 0 0 0 0 0 
0 0 0 0 0 0 0 0 
0 0 0 0 0 0 0 0 
0 0 0 0 0 0 0 0 
282 0 0 0 5 0 0 0 
0 0 0 0 0 0 0 0 
0 0 0 0 0 0 0 0 
0 0 0 0 0 0 0 0 
Generation 2
0 0 0 0 0 0 0 0 
0 0 0 0 0 0 0 0 
0 0 0 0 0 0 0 0 
0 0 0 0 0 0 0 0 
24151 46930 2005 22185 7619 111 6241 4046 
0 0 0 0 0 0 0 0 
0 0 0 0 0 0 0 0 
0 0 0 0 0 0 0 0 
Generation 3
0 0 0 0 0 0 0 0 
0 0 0 0 0 0 0 0 
0 0 0 0 0 0 0 0 
0 0 0 0 0 0 0 0 
387 756 299 451 994 320 371 407 
0 0 0 0 0 0 0 0 
0 0 0 0 0 0 0 0 
0 0 0 0 0 0 0 0 
Carried out 0 GCs
Carried out 0 GCs
Generation 1
0 0 0 0 0 0 0 0 
0 0 0 0 0 0 0 0 
0 0 0 0 0 0 0 0 
0 0 0 0 0 0 0 0 
0 0 0 0 0 0 0 0 
282 0 176 0 0 5 900 0 
0 0 0 0 0 0 0 0 
0 0 0 0 0 0 0 0 
Generation 2
0 0 0 0 0 0 0 0 
0 0 0 0 0 0 0 0 
0 0 0 0 0 0 0 0 
0 0 0 0 0 0 0 0 
0 0 0 0 0 0 0 0 
18962 12778 23942 66645 6020 2790 49833 49498 
0 0 0 0 0 0 0 0 
0 0 0 0 0 0 0 0 
Generation 3
0 0 0 0 0 0 0 0 
0 0 0 0 0 0 0 0 
0 0 0 0 0 0 0 0 
0 0 0 0 0 0 0 0 
0 0 0 0 0 0 0 0 
399 1574 299 443 994 320 371 408 
0 0 0 0 0 0 0 0 
0 0 0 0 0 0 0 0 
Carried out 0 GCs
Carried out 0 GCs
Generation 1
0 0 0 0 0 0 0 0 
0 0 0 0 0 0 0 0 
0 0 0 0 0 0 0 0 
0 0 0 0 0 0 0 0 
0 0 0 0 0 0 0 0 
0 0 0 0 0 0 0 0 
281 0 0 0 0 0 5 48 
0 0 0 0 0 0 0 0 
Generation 2
0 0 0 0 0 0 0 0 
0 0 0 0 0 0 0 0 
0 0 0 0 0 0 0 0 
0 0 0 0 0 0 0 0 
0 0 0 0 0 0 0 0 
0 0 0 0 0 0 0 0 
71935 31563 27876 69823 40231 33613 6069 24145 
0 0 0 0 0 0 0 0 
Generation 3
0 0 0 0 0 0 0 0 
0 0 0 0 0 0 0 0 
0 0 0 0 0 0 0 0 
0 0 0 0 0 0 0 0 
0 0 0 0 0 0 0 0 
0 0 0 0 0 0 0 0 
399 1247 389 479 961 320 371 408 
0 0 0 0 0 0 0 0 
Carried out 0 GCs
Carried out 0 GCs
Generation 1
0 0 0 0 0 0 0 0 
0 0 0 0 0 0 0 0 
0 0 0 0 0 0 0 0 
0 0 0 0 0 0 0 0 
0 0 0 0 0 0 0 0 
0 0 0 0 0 0 0 0 
0 0 0 0 0 0 0 0 
282 0 0 0 1624 0 0 5 
Generation 2
0 0 0 0 0 0 0 0 
0 0 0 0 0 0 0 0 
0 0 0 0 0 0 0 0 
0 0 0 0 0 0 0 0 
0 0 0 0 0 0 0 0 
0 0 0 0 0 0 0 0 
0 0 0 0 0 0 0 0 
19494 17923 23612 30955 22089 2225 41928 15293 
Generation 3
0 0 0 0 0 0 0 0 
0 0 0 0 0 0 0 0 
0 0 0 0 0 0 0 0 
0 0 0 0 0 0 0 0 
0 0 0 0 0 0 0 0 
0 0 0 0 0 0 0 0 
0 0 0 0 0 0 0 0 
377 972 299 449 994 330 371 407 
Carried out 0 GCs
Carried out 0 GCs
Generation 1
81709 1784 0 3162 2322 0 0 2152 
0 0 0 0 0 0 0 0 
0 0 0 0 0 0 0 0 
0 0 0 0 0 0 0 0 
0 0 0 0 0 0 0 0 
0 0 0 0 0 0 0 0 
0 0 0 0 0 0 0 0 
0 0 0 0 0 0 0 0 
Generation 2
123042 208798 56682 94483 80050 45386 215912 52064 
0 0 0 0 0 0 0 0 
0 0 0 0 0 0 0 0 
0 0 0 0 0 0 0 0 
0 0 0 0 0 0 0 0 
0 0 0 0 0 0 0 0 
0 0 0 0 0 0 0 0 
0 0 0 0 0 0 0 0 
Generation 3
2657 8319 22322 828 752 3140 467 21051 
0 0 0 0 0 0 0 0 
0 0 0 0 0 0 0 0 
0 0 0 0 0 0 0 0 
0 0 0 0 0 0 0 0 
0 0 0 0 0 0 0 0 
0 0 0 0 0 0 0 0 
0 0 0 0 0 0 0 0 
Carried out 0 GCs
Carried out 0 GCs
Generation 1
0 0 0 0 0 0 0 0 
5409482 5 44 1255 2061 1649 1784 0 
0 0 0 0 0 0 0 0 
0 0 0 0 0 0 0 0 
0 0 0 0 0 0 0 0 
0 0 0 0 0 0 0 0 
0 0 0 0 0 0 0 0 
0 0 0 0 0 0 0 0 
Generation 2
0 0 0 0 0 0 0 0 
714770 718657 65555 9302 17286 18741 199546 102484 
0 0 0 0 0 0 0 0 
0 0 0 0 0 0 0 0 
0 0 0 0 0 0 0 0 
0 0 0 0 0 0 0 0 
0 0 0 0 0 0 0 0 
0 0 0 0 0 0 0 0 
Generation 3
0 0 0 0 0 0 0 0 
774 6035 849 730 738 320 371 677 
0 0 0 0 0 0 0 0 
0 0 0 0 0 0 0 0 
0 0 0 0 0 0 0 0 
0 0 0 0 0 0 0 0 
0 0 0 0 0 0 0 0 
0 0 0 0 0 0 0 0 
Carried out 0 GCs
Carried out 0 GCs
Generation 1
0 0 0 0 0 0 0 0 
0 0 0 0 0 0 0 0 
282 0 179 1044 2480 696 1938 0 
0 0 0 0 0 0 0 0 
0 0 0 0 0 0 0 0 
0 0 0 0 0 0 0 0 
0 0 0 0 0 0 0 0 
0 0 0 0 0 0 0 0 
Generation 2
0 0 0 0 0 0 0 0 
0 0 0 0 0 0 0 0 
17264 103848 8473 61075 5566 11970 51481 16788 
0 0 0 0 0 0 0 0 
0 0 0 0 0 0 0 0 
0 0 0 0 0 0 0 0 
0 0 0 0 0 0 0 0 
0 0 0 0 0 0 0 0 
Generation 3
0 0 0 0 0 0 0 0 
0 0 0 0 0 0 0 0 
622 2890 604 657 780 320 371 407 
0 0 0 0 0 0 0 0 
0 0 0 0 0 0 0 0 
0 0 0 0 0 0 0 0 
0 0 0 0 0 0 0 0 
0 0 0 0 0 0 0 0 
Carried out 0 GCs
Carried out 0 GCs
Generation 1
0 0 0 0 0 0 0 0 
0 0 0 0 0 0 0 0 
0 0 0 0 0 0 0 0 
281 0 0 5 0 0 0 0 
0 0 0 0 0 0 0 0 
0 0 0 0 0 0 0 0 
0 0 0 0 0 0 0 0 
0 0 0 0 0 0 0 0 
Generation 2
0 0 0 0 0 0 0 0 
0 0 0 0 0 0 0 0 
0 0 0 0 0 0 0 0 
15652 14779 63478 45209 6722 9922 39789 69553 
0 0 0 0 0 0 0 0 
0 0 0 0 0 0 0 0 
0 0 0 0 0 0 0 0 
0 0 0 0 0 0 0 0 
Generation 3
0 0 0 0 0 0 0 0 
0 0 0 0 0 0 0 0 
0 0 0 0 0 0 0 0 
386 1098 353 461 994 320 371 407 
0 0 0 0 0 0 0 0 
0 0 0 0 0 0 0 0 
0 0 0 0 0 0 0 0 
0 0 0 0 0 0 0 0 
Carried out 0 GCs
Carried out 0 GCs
Generation 1
0 0 0 0 0 0 0 0 
0 0 0 0 0 0 0 0 
0 0 0 0 0 0 0 0 
0 0 0 0 0 0 0 0 
282 0 0 0 5 88 0 0 
0 0 0 0 0 0 0 0 
0 0 0 0 0 0 0 0 
0 0 0 0 0 0 0 0 
Generation 2
0 0 0 0 0 0 0 0 
0 0 0 0 0 0 0 0 
0 0 0 0 0 0 0 0 
0 0 0 0 0 0 0 0 
11510 47694 46989 25352 11992 25906 28110 56125 
0 0 0 0 0 0 0 0 
0 0 0 0 0 0 0 0 
0 0 0 0 0 0 0 0 
Generation 3
0 0 0 0 0 0 0 0 
0 0 0 0 0 0 0 0 
0 0 0 0 0 0 0 0 
0 0 0 0 0 0 0 0 
427 2556 539 570 867 320 371 433 
0 0 0 0 0 0 0 0 
0 0 0 0 0 0 0 0 
0 0 0 0 0 0 0 0 
Carried out 0 GCs
Carried out 0 GCs
Generation 1
0 0 0 0 0 0 0 0 
0 0 0 0 0 0 0 0 
0 0 0 0 0 0 0 0 
0 0 0 0 0 0 0 0 
0 0 0 0 0 0 0 0 
281 0 0 0 0 5 0 0 
0 0 0 0 0 0 0 0 
0 0 0 0 0 0 0 0 
Generation 2
0 0 0 0 0 0 0 0 
0 0 0 0 0 0 0 0 
0 0 0 0 0 0 0 0 
0 0 0 0 0 0 0 0 
0 0 0 0 0 0 0 0 
25254 190140 3983 25821 9789 5589 33363 13791 
0 0 0 0 0 0 0 0 
0 0 0 0 0 0 0 0 
Generation 3
0 0 0 0 0 0 0 0 
0 0 0 0 0 0 0 0 
0 0 0 0 0 0 0 0 
0 0 0 0 0 0 0 0 
0 0 0 0 0 0 0 0 
377 1620 528 451 994 320 371 413 
0 0 0 0 0 0 0 0 
0 0 0 0 0 0 0 0 
Carried out 0 GCs
Carried out 0 GCs
Generation 1
0 0 0 0 0 0 0 0 
0 0 0 0 0 0 0 0 
0 0 0 0 0 0 0 0 
0 0 0 0 0 0 0 0 
0 0 0 0 0 0 0 0 
0 0 0 0 0 0 0 0 
2750352 0 0 0 0 0 5 176 
0 0 0 0 0 0 0 0 
Generation 2
0 0 0 0 0 0 0 0 
0 0 0 0 0 0 0 0 
0 0 0 0 0 0 0 0 
0 0 0 0 0 0 0 0 
0 0 0 0 0 0 0 0 
0 0 0 0 0 0 0 0 
360697 51531 24291 2191 10233 4031 355570 128759 
0 0 0 0 0 0 0 0 
Generation 3
0 0 0 0 0 0 0 0 
0 0 0 0 0 0 0 0 
0 0 0 0 0 0 0 0 
0 0 0 0 0 0 0 0 
0 0 0 0 0 0 0 0 
0 0 0 0 0 0 0 0 
386 1553 299 470 978 320 371 409 
0 0 0 0 0 0 0 0 
Carried out 1 GCs
Carried out 1 GCs
Generation 1
0 0 0 0 0 0 0 0 
0 0 0 0 0 0 0 0 
0 0 0 0 0 0 0 0 
0 0 0 0 0 0 0 0 
0 0 0 0 0 0 0 0 
0 0 0 0 0 0 0 0 
0 0 0 0 0 0 0 0 
281 0 0 0 0 0 0 5 
Generation 2
0 0 0 0 0 0 0 0 
0 0 0 0 0 0 0 0 
0 0 0 0 0 0 0 0 
0 0 0 0 0 0 0 0 
0 0 0 0 0 0 0 0 
0 0 0 0 0 0 0 0 
0 0 0 0 0 0 0 0 
1438 100077 25881 11 34 21 3922 49075 
Generation 3
0 0 0 0 0 0 0 0 
0 0 0 0 0 0 0 0 
0 0 0 0 0 0 0 0 
0 0 0 0 0 0 0 0 
0 0 0 0 0 0 0 0 
0 0 0 0 0 0 0 0 
0 0 0 0 0 0 0 0 
377 650 299 456 994 320 371 441 
Carried out 0 GCs
Carried out 0 GCs
Generation 1
287 0 0 696 48 0 0 0 
0 0 0 0 0 0 0 0 
0 0 0 0 0 0 0 0 
0 0 0 0 0 0 0 0 
0 0 0 0 0 0 0 0 
0 0 0 0 0 0 0 0 
0 0 0 0 0 0 0 0 
0 0 0 0 0 0 0 0 
Generation 2
32127 46429 14413 38306 8389 10200 16370 20349 
0 0 0 0 0 0 0 0 
0 0 0 0 0 0 0 0 
0 0 0 0 0 0 0 0 
0 0 0 0 0 0 0 0 
0 0 0 0 0 0 0 0 
0 0 0 0 0 0 0 0 
0 0 0 0 0 0 0 0 
Generation 3
661 3084 289 716 738 320 371 409 
0 0 0 0 0 0 0 0 
0 0 0 0 0 0 0 0 
0 0 0 0 0 0 0 0 
0 0 0 0 0 0 0 0 
0 0 0 0 0 0 0 0 
0 0 0 0 0 0 0 0 
0 0 0 0 0 0 0 0 
Carried out 1 GCs
Carried out 1 GCs
Generation 1
0 0 0 0 0 0 0 0 
81838 5 0 1368 0 616 0 0 
0 0 0 0 0 0 0 0 
0 0 0 0 0 0 0 0 
0 0 0 0 0 0 0 0 
0 0 0 0 0 0 0 0 
0 0 0 0 0 0 0 0 
0 0 0 0 0 0 0 0 
Generation 2
0 0 0 0 0 0 0 0 
91773 172260 75113 14842 14813 52052 77499 29933 
0 0 0 0 0 0 0 0 
0 0 0 0 0 0 0 0 
0 0 0 0 0 0 0 0 
0 0 0 0 0 0 0 0 
0 0 0 0 0 0 0 0 
0 0 0 0 0 0 0 0 
Generation 3
0 0 0 0 0 0 0 0 
1026 6385 27836 719 738 324 372 431 
0 0 0 0 0 0 0 0 
0 0 0 0 0 0 0 0 
0 0 0 0 0 0 0 0 
0 0 0 0 0 0 0 0 
0 0 0 0 0 0 0 0 
0 0 0 0 0 0 0 0 
Carried out 1 GCs
Carried out 1 GCs
Generation 1
0 0 0 0 0 0 0 0 
0 0 0 0 0 0 0 0 
369 57 65 60 51 57 57 55 
0 0 0 0 0 0 0 0 
0 0 0 0 0 0 0 0 
0 0 0 0 0 0 0 0 
0 0 0 0 0 0 0 0 
0 0 0 0 0 0 0 0 
Generation 2
0 0 0 0 0 0 0 0 
0 0 0 0 0 0 0 0 
28826 175815 13022 15951 3634 43067 19998 58730 
0 0 0 0 0 0 0 0 
0 0 0 0 0 0 0 0 
0 0 0 0 0 0 0 0 
0 0 0 0 0 0 0 0 
0 0 0 0 0 0 0 0 
Generation 3
0 0 0 0 0 0 0 0 
0 0 0 0 0 0 0 0 
6065 11489 20545 3846 941 320 3489 407 
0 0 0 0 0 0 0 0 
0 0 0 0 0 0 0 0 
0 0 0 0 0 0 0 0 
0 0 0 0 0 0 0 0 
0 0 0 0 0 0 0 0 
Carried out 0 GCs
Carried out 0 GCs
Generation 1
0 0 0 0 0 0 0 0 
0 0 0 0 0 0 0 0 
0 0 0 0 0 0 0 0 
281 0 0 5 0 0 0 396 
0 0 0 0 0 0 0 0 
0 0 0 0 0 0 0 0 
0 0 0 0 0 0 0 0 
0 0 0 0 0 0 0 0 
Generation 2
0 0 0 0 0 0 0 0 
0 0 0 0 0 0 0 0 
0 0 0 0 0 0 0 0 
14150 74546 2550 12871 7082 6964 11949 3185 
0 0 0 0 0 0 0 0 
0 0 0 0 0 0 0 0 
0 0 0 0 0 0 0 0 
0 0 0 0 0 0 0 0 
Generation 3
0 0 0 0 0 0 0 0 
0 0 0 0 0 0 0 0 
0 0 0 0 0 0 0 0 
379 1126 300 448 994 320 371 407 
0 0 0 0 0 0 0 0 
0 0 0 0 0 0 0 0 
0 0 0 0 0 0 0 0 
0 0 0 0 0 0 0 0 
Carried out 0 GCs
Carried out 0 GCs
Generation 1
0 0 0 0 0 0 0 0 
0 0 0 0 0 0 0 0 
0 0 0 0 0 0 0 0 
0 0 0 0 0 0 0 0 
282 0 1784 220 137 48 0 0 
0 0 0 0 0 0 0 0 
0 0 0 0 0 0 0 0 
0 0 0 0 0 0 0 0 
Generation 2
0 0 0 0 0 0 0 0 
0 0 0 0 0 0 0 0 
0 0 0 0 0 0 0 0 
0 0 0 0 0 0 0 0 
51556 153089 71524 55432 4171 434 69958 22405 
0 0 0 0 0 0 0 0 
0 0 0 0 0 0 0 0 
0 0 0 0 0 0 0 0 
Generation 3
0 0 0 0 0 0 0 0 
0 0 0 0 0 0 0 0 
0 0 0 0 0 0 0 0 
0 0 0 0 0 0 0 0 
437 1413 490 591 866 326 395 409 
0 0 0 0 0 0 0 0 
0 0 0 0 0 0 0 0 
0 0 0 0 0 0 0 0 
Carried out 0 GCs
Carried out 0 GCs
Generation 1
0 0 0 0 0 0 0 0 
0 0 0 0 0 0 0 0 
0 0 0 0 0 0 0 0 
0 0 0 0 0 0 0 0 
0 0 0 0 0 0 0 0 
281 0 0 0 0 5 0 0 
0 0 0 0 0 0 0 0 
0 0 0 0 0 0 0 0 
Generation 2
0 0 0 0 0 0 0 0 
0 0 0 0 0 0 0 0 
0 0 0 0 0 0 0 0 
0 0 0 0 0 0 0 0 
0 0 0 0 0 0 0 0 
9992 159169 4323 4732 374 8151 11678 2700 
0 0 0 0 0 0 0 0 
0 0 0 0 0 0 0 0 
Generation 3
0 0 0 0 0 0 0 0 
0 0 0 0 0 0 0 0 
0 0 0 0 0 0 0 0 
0 0 0 0 0 0 0 0 
0 0 0 0 0 0 0 0 
608 682 299 443 994 320 371 410 
0 0 0 0 0 0 0 0 
0 0 0 0 0 0 0 0 
Carried out 0 GCs
Carried out 0 GCs
Generation 1
0 0 0 0 0 0 0 0 
0 0 0 0 0 0 0 0 
0 0 0 0 0 0 0 0 
0 0 0 0 0 0 0 0 
0 0 0 0 0 0 0 0 
0 0 0 0 0 0 0 0 
282 0 48 0 0 0 5 0 
0 0 0 0 0 0 0 0 
Generation 2
0 0 0 0 0 0 0 0 
0 0 0 0 0 0 0 0 
0 0 0 0 0 0 0 0 
0 0 0 0 0 0 0 0 
0 0 0 0 0 0 0 0 
0 0 0 0 0 0 0 0 
9324 29299 6015 47246 37350 2115 61342 43905 
0 0 0 0 0 0 0 0 
Generation 3
0 0 0 0 0 0 0 0 
0 0 0 0 0 0 0 0 
0 0 0 0 0 0 0 0 
0 0 0 0 0 0 0 0 
0 0 0 0 0 0 0 0 
0 0 0 0 0 0 0 0 
392 1272 371 467 970 320 371 416 
0 0 0 0 0 0 0 0 
Carried out 0 GCs
Carried out 0 GCs
Generation 1
0 0 0 0 0 0 0 0 
0 0 0 0 0 0 0 0 
0 0 0 0 0 0 0 0 
0 0 0 0 0 0 0 0 
0 0 0 0 0 0 0 0 
0 0 0 0 0 0 0 0 
0 0 0 0 0 0 0 0 
281 0 0 0 0 0 0 5 
Generation 2
0 0 0 0 0 0 0 0 
0 0 0 0 0 0 0 0 
0 0 0 0 0 0 0 0 
0 0 0 0 0 0 0 0 
0 0 0 0 0 0 0 0 
0 0 0 0 0 0 0 0 
0 0 0 0 0 0 0 0 
17165 155636 23649 6049 20160 32294 71364 14464 
Generation 3
0 0 0 0 0 0 0 0 
0 0 0 0 0 0 0 0 
0 0 0 0 0 0 0 0 
0 0 0 0 0 0 0 0 
0 0 0 0 0 0 0 0 
0 0 0 0 0 0 0 0 
0 0 0 0 0 0 0 0 
391 972 443 443 994 320 371 408 
Carried out 0 GCs
Carried out 0 GCs
Generation 1
961 0 0 209 696 1800 352 0 
0 0 0 0 0 0 0 0 
0 0 0 0 0 0 0 0 
0 0 0 0 0 0 0 0 
0 0 0 0 0 0 0 0 
0 0 0 0 0 0 0 0 
0 0 0 0 0 0 0 0 
0 0 0 0 0 0 0 0 
Generation 2
93488 167875 68804 62884 37089 44376 71181 81228 
0 0 0 0 0 0 0 0 
0 0 0 0 0 0 0 0 
0 0 0 0 0 0 0 0 
0 0 0 0 0 0 0 0 
0 0 0 0 0 0 0 0 
0 0 0 0 0 0 0 0 
0 0 0 0 0 0 0 0 
Generation 3
1876 7046 850 768 800 322 2921 554 
0 0 0 0 0 0 0 0 
0 0 0 0 0 0 0 0 
0 0 0 0 0 0 0 0 
0 0 0 0 0 0 0 0 
0 0 0 0 0 0 0 0 
0 0 0 0 0 0 0 0 
0 0 0 0 0 0 0 0 
Carried out 0 GCs
Carried out 0 GCs
Generation 1
0 0 0 0 0 0 0 0 
282 5 600 2676 0 1368 2842 1368 
0 0 0 0 0 0 0 0 
0 0 0 0 0 0 0 0 
0 0 0 0 0 0 0 0 
0 0 0 0 0 0 0 0 
0 0 0 0 0 0 0 0 
0 0 0 0 0 0 0 0 
Generation 2
0 0 0 0 0 0 0 0 
52009 133942 125447 49889 98360 18503 102228 24525 
0 0 0 0 0 0 0 0 
0 0 0 0 0 0 0 0 
0 0 0 0 0 0 0 0 
0 0 0 0 0 0 0 0 
0 0 0 0 0 0 0 0 
0 0 0 0 0 0 0 0 
Generation 3
0 0 0 0 0 0 0 0 
789 5181 588 720 738 320 371 418 
0 0 0 0 0 0 0 0 
0 0 0 0 0 0 0 0 
0 0 0 0 0 0 0 0 
0 0 0 0 0 0 0 0 
0 0 0 0 0 0 0 0 
0 0 0 0 0 0 0 0 
Carried out 0 GCs
Carried out 0 GCs
Generation 1
0 0 0 0 0 0 0 0 
0 0 0 0 0 0 0 0 
282 0 5 0 0 0 0 0 
0 0 0 0 0 0 0 0 
0 0 0 0 0 0 0 0 
0 0 0 0 0 0 0 0 
0 0 0 0 0 0 0 0 
0 0 0 0 0 0 0 0 
Generation 2
0 0 0 0 0 0 0 0 
0 0 0 0 0 0 0 0 
84664 113561 34725 3008 35887 69 95366 118649 
0 0 0 0 0 0 0 0 
0 0 0 0 0 0 0 0 
0 0 0 0 0 0 0 0 
0 0 0 0 0 0 0 0 
0 0 0 0 0 0 0 0 
Generation 3
0 0 0 0 0 0 0 0 
0 0 0 0 0 0 0 0 
468 3093 412 715 738 320 371 424 
0 0 0 0 0 0 0 0 
0 0 0 0 0 0 0 0 
0 0 0 0 0 0 0 0 
0 0 0 0 0 0 0 0 
0 0 0 0 0 0 0 0 
Carried out 0 GCs
Carried out 0 GCs
Generation 1
0 0 0 0 0 0 0 0 
0 0 0 0 0 0 0 0 
0 0 0 0 0 0 0 0 
281 0 0 5 0 0 0 1368 
0 0 0 0 0 0 0 0 
0 0 0 0 0 0 0 0 
0 0 0 0 0 0 0 0 
0 0 0 0 0 0 0 0 
Generation 2
0 0 0 0 0 0 0 0 
0 0 0 0 0 0 0 0 
0 0 0 0 0 0 0 0 
25045 58416 8100 7083 72 27964 26084 85389 
0 0 0 0 0 0 0 0 
0 0 0 0 0 0 0 0 
0 0 0 0 0 0 0 0 
0 0 0 0 0 0 0 0 
Generation 3
0 0 0 0 0 0 0 0 
0 0 0 0 0 0 0 0 
0 0 0 0 0 0 0 0 
379 2491 353 621 837 320 371 407 
0 0 0 0 0 0 0 0 
0 0 0 0 0 0 0 0 
0 0 0 0 0 0 0 0 
0 0 0 0 0 0 0 0 
Carried out 0 GCs
Carried out 0 GCs
Generation 1
0 0 0 0 0 0 0 0 
0 0 0 0 0 0 0 0 
0 0 0 0 0 0 0 0 
0 0 0 0 0 0 0 0 
282 0 0 0 5 88 0 1784 
0 0 0 0 0 0 0 0 
0 0 0 0 0 0 0 0 
0 0 0 0 0 0 0 0 
Generation 2
0 0 0 0 0 0 0 0 
0 0 0 0 0 0 0 0 
0 0 0 0 0 0 0 0 
0 0 0 0 0 0 0 0 
25836 157393 22407 50441 57409 30622 134836 27407 
0 0 0 0 0 0 0 0 
0 0 0 0 0 0 0 0 
0 0 0 0 0 0 0 0 
Generation 3
0 0 0 0 0 0 0 0 
0 0 0 0 0 0 0 0 
0 0 0 0 0 0 0 0 
0 0 0 0 0 0 0 0 
377 2431 325 583 864 329 387 411 
0 0 0 0 0 0 0 0 
0 0 0 0 0 0 0 0 
0 0 0 0 0 0 0 0 
Carried out 0 GCs
Carried out 0 GCs
Generation 1
0 0 0 0 0 0 0 0 
0 0 0 0 0 0 0 0 
0 0 0 0 0 0 0 0 
0 0 0 0 0 0 0 0 
0 0 0 0 0 0 0 0 
281 0 0 0 0 5 0 0 
0 0 0 0 0 0 0 0 
0 0 0 0 0 0 0 0 
Generation 2
0 0 0 0 0 0 0 0 
0 0 0 0 0 0 0 0 
0 0 0 0 0 0 0 0 
0 0 0 0 0 0 0 0 
0 0 0 0 0 0 0 0 
10971 37330 49 9631 57420 7527 25971 55374 
0 0 0 0 0 0 0 0 
0 0 0 0 0 0 0 0 
Generation 3
0 0 0 0 0 0 0 0 
0 0 0 0 0 0 0 0 
0 0 0 0 0 0 0 0 
0 0 0 0 0 0 0 0 
0 0 0 0 0 0 0 0 
402 1575 371 507 930 320 371 410 
0 0 0 0 0 0 0 0 
0 0 0 0 0 0 0 0 
Carried out 0 GCs
Carried out 0 GCs
Generation 1
0 0 0 0 0 0 0 0 
0 0 0 0 0 0 0 0 
0 0 0 0 0 0 0 0 
0 0 0 0 0 0 0 0 
0 0 0 0 0 0 0 0 
0 0 0 0 0 0 0 0 
282 0 0 696 0 0 5 1784 
0 0 0 0 0 0 0 0 
Generation 2
0 0 0 0 0 0 0 0 
0 0 0 0 0 0 0 0 
0 0 0 0 0 0 0 0 
0 0 0 0 0 0 0 0 
0 0 0 0 0 0 0 0 
0 0 0 0 0 0 0 0 
33199 101836 5988 53157 12193 43373 30102 74841 
0 0 0 0 0 0 0 0 
Generation 3
0 0 0 0 0 0 0 0 
0 0 0 0 0 0 0 0 
0 0 0 0 0 0 0 0 
0 0 0 0 0 0 0 0 
0 0 0 0 0 0 0 0 
0 0 0 0 0 0 0 0 
388 1597 515 461 978 320 371 412 
0 0 0 0 0 0 0 0 
Carried out 0 GCs
Carried out 0 GCs
Generation 1
0 0 0 0 0 0 0 0 
0 0 0 0 0 0 0 0 
0 0 0 0 0 0 0 0 
0 0 0 0 0 0 0 0 
0 0 0 0 0 0 0 0 
0 0 0 0 0 0 0 0 
0 0 0 0 0 0 0 0 
694615 0 0 0 0 0 1368 5 
Generation 2
0 0 0 0 0 0 0 0 
0 0 0 0 0 0 0 0 
0 0 0 0 0 0 0 0 
0 0 0 0 0 0 0 0 
0 0 0 0 0 0 0 0 
0 0 0 0 0 0 0 0 
0 0 0 0 0 0 0 0 
176969 60527 20491 27758 14131 159 73817 77607 
Generation 3
0 0 0 0 0 0 0 0 
0 0 0 0 0 0 0 0 
0 0 0 0 0 0 0 0 
0 0 0 0 0 0 0 0 
0 0 0 0 0 0 0 0 
0 0 0 0 0 0 0 0 
0 0 0 0 0 0 0 0 
429 1119 17749 443 994 320 371 407 
Carried out 0 GCs
Carried out 0 GCs
Generation 1
2113 0 2064 1455 1103 0 1624 88 
0 0 0 0 0 0 0 0 
0 0 0 0 0 0 0 0 
0 0 0 0 0 0 0 0 
0 0 0 0 0 0 0 0 
0 0 0 0 0 0 0 0 
0 0 0 0 0 0 0 0 
0 0 0 0 0 0 0 0 
Generation 2
87831 251156 62399 67028 14551 97199 49932 51204 
0 0 0 0 0 0 0 0 
0 0 0 0 0 0 0 0 
0 0 0 0 0 0 0 0 
0 0 0 0 0 0 0 0 
0 0 0 0 0 0 0 0 
0 0 0 0 0 0 0 0 
0 0 0 0 0 0 0 0 
Generation 3
1309 10456 655 736 739 320 371 430 
0 0 0 0 0 0 0 0 
0 0 0 0 0 0 0 0 
0 0 0 0 0 0 0 0 
0 0 0 0 0 0 0 0 
0 0 0 0 0 0 0 0 
0 0 0 0 0 0 0 0 
0 0 0 0 0 0 0 0 
Carried out 0 GCs
Carried out 0 GCs
Generation 1
0 0 0 0 0 0 0 0 
2675 5 478 2179 275 1832 0 180 
0 0 0 0 0 0 0 0 
0 0 0 0 0 0 0 0 
0 0 0 0 0 0 0 0 
0 0 0 0 0 0 0 0 
0 0 0 0 0 0 0 0 
0 0 0 0 0 0 0 0 
Generation 2
0 0 0 0 0 0 0 0 
43036 113115 61537 6680 21854 26147 170040 82185 
0 0 0 0 0 0 0 0 
0 0 0 0 0 0 0 0 
0 0 0 0 0 0 0 0 
0 0 0 0 0 0 0 0 
0 0 0 0 0 0 0 0 
0 0 0 0 0 0 0 0 
Generation 3
0 0 0 0 0 0 0 0 
787 5444 694 727 738 320 371 418 
0 0 0 0 0 0 0 0 
0 0 0 0 0 0 0 0 
0 0 0 0 0 0 0 0 
0 0 0 0 0 0 0 0 
0 0 0 0 0 0 0 0 
0 0 0 0 0 0 0 0 
Carried out 0 GCs
Carried out 0 GCs
Generation 1
0 0 0 0 0 0 0 0 
0 0 0 0 0 0 0 0 
1620 0 93 0 3168 1784 0 1624 
0 0 0 0 0 0 0 0 
0 0 0 0 0 0 0 0 
0 0 0 0 0 0 0 0 
0 0 0 0 0 0 0 0 
0 0 0 0 0 0 0 0 
Generation 2
0 0 0 0 0 0 0 0 
0 0 0 0 0 0 0 0 
19602 107439 41928 4365 15973 14368 125988 16065 
0 0 0 0 0 0 0 0 
0 0 0 0 0 0 0 0 
0 0 0 0 0 0 0 0 
0 0 0 0 0 0 0 0 
0 0 0 0 0 0 0 0 
Generation 3
0 0 0 0 0 0 0 0 
0 0 0 0 0 0 0 0 
645 3583 630 551 891 320 371 409 
0 0 0 0 0 0 0 0 
0 0 0 0 0 0 0 0 
0 0 0 0 0 0 0 0 
0 0 0 0 0 0 0 0 
0 0 0 0 0 0 0 0 
Carried out 0 GCs
Carried out 0 GCs
Generation 1
0 0 0 0 0 0 0 0 
0 0 0 0 0 0 0 0 
0 0 0 0 0 0 0 0 
281 0 0 5 0 0 352 0 
0 0 0 0 0 0 0 0 
0 0 0 0 0 0 0 0 
0 0 0 0 0 0 0 0 
0 0 0 0 0 0 0 0 
Generation 2
0 0 0 0 0 0 0 0 
0 0 0 0 0 0 0 0 
0 0 0 0 0 0 0 0 
44303 151892 4267 57381 85072 19955 21749 33951 
0 0 0 0 0 0 0 0 
0 0 0 0 0 0 0 0 
0 0 0 0 0 0 0 0 
0 0 0 0 0 0 0 0 
Generation 3
0 0 0 0 0 0 0 0 
0 0 0 0 0 0 0 0 
0 0 0 0 0 0 0 0 
419 2023 409 591 846 320 371 410 
0 0 0 0 0 0 0 0 
0 0 0 0 0 0 0 0 
0 0 0 0 0 0 0 0 
0 0 0 0 0 0 0 0 
Carried out 0 GCs
Carried out 0 GCs
Generation 1
0 0 0 0 0 0 0 0 
0 0 0 0 0 0 0 0 
0 0 0 0 0 0 0 0 
0 0 0 0 0 0 0 0 
282 0 1784 1784 5 352 0 176 
0 0 0 0 0 0 0 0 
0 0 0 0 0 0 0 0 
0 0 0 0 0 0 0 0 
Generation 2
0 0 0 0 0 0 0 0 
0 0 0 0 0 0 0 0 
0 0 0 0 0 0 0 0 
0 0 0 0 0 0 0 0 
49299 29865 51093 4463 51121 27950 182644 131230 
0 0 0 0 0 0 0 0 
0 0 0 0 0 0 0 0 
0 0 0 0 0 0 0 0 
Generation 3
0 0 0 0 0 0 0 0 
0 0 0 0 0 0 0 0 
0 0 0 0 0 0 0 0 
0 0 0 0 0 0 0 0 
401 2078 578 582 869 320 371 408 
0 0 0 0 0 0 0 0 
0 0 0 0 0 0 0 0 
0 0 0 0 0 0 0 0 
Carried out 0 GCs
Carried out 0 GCs
Generation 1
0 0 0 0 0 0 0 0 
0 0 0 0 0 0 0 0 
0 0 0 0 0 0 0 0 
0 0 0 0 0 0 0 0 
0 0 0 0 0 0 0 0 
282 0 0 0 0 5 0 0 
0 0 0 0 0 0 0 0 
0 0 0 0 0 0 0 0 
Generation 2
0 0 0 0 0 0 0 0 
0 0 0 0 0 0 0 0 
0 0 0 0 0 0 0 0 
0 0 0 0 0 0 0 0 
0 0 0 0 0 0 0 0 
85065 2227 12067 40206 707 3612 26492 8076 
0 0 0 0 0 0 0 0 
0 0 0 0 0 0 0 0 
Generation 3
0 0 0 0 0 0 0 0 
0 0 0 0 0 0 0 0 
0 0 0 0 0 0 0 0 
0 0 0 0 0 0 0 0 
0 0 0 0 0 0 0 0 
379 756 299 443 1022 320 371 409 
0 0 0 0 0 0 0 0 
0 0 0 0 0 0 0 0 
Carried out 0 GCs
Carried out 0 GCs
Generation 1
0 0 0 0 0 0 0 0 
0 0 0 0 0 0 0 0 
0 0 0 0 0 0 0 0 
0 0 0 0 0 0 0 0 
0 0 0 0 0 0 0 0 
0 0 0 0 0 0 0 0 
282 0 0 0 0 0 5 400 
0 0 0 0 0 0 0 0 
Generation 2
0 0 0 0 0 0 0 0 
0 0 0 0 0 0 0 0 
0 0 0 0 0 0 0 0 
0 0 0 0 0 0 0 0 
0 0 0 0 0 0 0 0 
0 0 0 0 0 0 0 0 
132412 112517 6478 18518 16232 2350 4617 11566 
0 0 0 0 0 0 0 0 
Generation 3
0 0 0 0 0 0 0 0 
0 0 0 0 0 0 0 0 
0 0 0 0 0 0 0 0 
0 0 0 0 0 0 0 0 
0 0 0 0 0 0 0 0 
0 0 0 0 0 0 0 0 
401 1332 8089 455 4523 2304 371 2728 
0 0 0 0 0 0 0 0 
Carried out 0 GCs
Carried out 0 GCs
Generation 1
0 0 0 0 0 0 0 0 
0 0 0 0 0 0 0 0 
0 0 0 0 0 0 0 0 
0 0 0 0 0 0 0 0 
0 0 0 0 0 0 0 0 
0 0 0 0 0 0 0 0 
0 0 0 0 0 0 0 0 
281 0 0 0 0 0 0 5 
Generation 2
0 0 0 0 0 0 0 0 
0 0 0 0 0 0 0 0 
0 0 0 0 0 0 0 0 
0 0 0 0 0 0 0 0 
0 0 0 0 0 0 0 0 
0 0 0 0 0 0 0 0 
0 0 0 0 0 0 0 0 
9439 68078 20380 19003 63110 57517 20387 57978 
Generation 3
0 0 0 0 0 0 0 0 
0 0 0 0 0 0 0 0 
0 0 0 0 0 0 0 0 
0 0 0 0 0 0 0 0 
0 0 0 0 0 0 0 0 
0 0 0 0 0 0 0 0 
0 0 0 0 0 0 0 0 
2522 1305 443 443 994 320 2537 409 
Carried out 0 GCs
Carried out 0 GCs
Generation 1
2419287 0 48 110 286 176 172 0 
0 0 0 0 0 0 0 0 
0 0 0 0 0 0 0 0 
0 0 0 0 0 0 0 0 
0 0 0 0 0 0 0 0 
0 0 0 0 0 0 0 0 
0 0 0 0 0 0 0 0 
0 0 0 0 0 0 0 0 
Generation 2
62676 258041 45534 71234 78624 4395 59595 72622 
0 0 0 0 0 0 0 0 
0 0 0 0 0 0 0 0 
0 0 0 0 0 0 0 0 
0 0 0 0 0 0 0 0 
0 0 0 0 0 0 0 0 
0 0 0 0 0 0 0 0 
0 0 0 0 0 0 0 0 
Generation 3
2092 5565 3298 804 861 835 417 948 
0 0 0 0 0 0 0 0 
0 0 0 0 0 0 0 0 
0 0 0 0 0 0 0 0 
0 0 0 0 0 0 0 0 
0 0 0 0 0 0 0 0 
0 0 0 0 0 0 0 0 
0 0 0 0 0 0 0 0 
Carried out 0 GCs
Carried out 0 GCs
Generation 1
0 0 0 0 0 0 0 0 
282 5 1306 220 1368 352 308 3342 
0 0 0 0 0 0 0 0 
0 0 0 0 0 0 0 0 
0 0 0 0 0 0 0 0 
0 0 0 0 0 0 0 0 
0 0 0 0 0 0 0 0 
0 0 0 0 0 0 0 0 
Generation 2
0 0 0 0 0 0 0 0 
86815 121655 51926 50407 35536 24470 60486 7035 
0 0 0 0 0 0 0 0 
0 0 0 0 0 0 0 0 
0 0 0 0 0 0 0 0 
0 0 0 0 0 0 0 0 
0 0 0 0 0 0 0 0 
0 0 0 0 0 0 0 0 
Generation 3
0 0 0 0 0 0 0 0 
505 5921 2563 744 738 320 371 407 
0 0 0 0 0 0 0 0 
0 0 0 0 0 0 0 0 
0 0 0 0 0 0 0 0 
0 0 0 0 0 0 0 0 
0 0 0 0 0 0 0 0 
0 0 0 0 0 0 0 0 
Carried out 0 GCs
Carried out 0 GCs
Generation 1
0 0 0 0 0 0 0 0 
0 0 0 0 0 0 0 0 
282 0 1629 0 0 1561 176 176 
0 0 0 0 0 0 0 0 
0 0 0 0 0 0 0 0 
0 0 0 0 0 0 0 0 
0 0 0 0 0 0 0 0 
0 0 0 0 0 0 0 0 
Generation 2
0 0 0 0 0 0 0 0 
0 0 0 0 0 0 0 0 
52190 72080 21611 43887 14332 53696 16722 75277 
0 0 0 0 0 0 0 0 
0 0 0 0 0 0 0 0 
0 0 0 0 0 0 0 0 
0 0 0 0 0 0 0 0 
0 0 0 0 0 0 0 0 
Generation 3
0 0 0 0 0 0 0 0 
0 0 0 0 0 0 0 0 
602 3712 496 703 738 320 371 413 
0 0 0 0 0 0 0 0 
0 0 0 0 0 0 0 0 
0 0 0 0 0 0 0 0 
0 0 0 0 0 0 0 0 
0 0 0 0 0 0 0 0 
Carried out 0 GCs
Carried out 0 GCs
Generation 1
0 0 0 0 0 0 0 0 
0 0 0 0 0 0 0 0 
0 0 0 0 0 0 0 0 
39672 0 0 5 0 0 0 0 
0 0 0 0 0 0 0 0 
0 0 0 0 0 0 0 0 
0 0 0 0 0 0 0 0 
0 0 0 0 0 0 0 0 
Generation 2
0 0 0 0 0 0 0 0 
0 0 0 0 0 0 0 0 
0 0 0 0 0 0 0 0 
97649 37986 41644 10142 34034 8426 60057 64720 
0 0 0 0 0 0 0 0 
0 0 0 0 0 0 0 0 
0 0 0 0 0 0 0 0 
0 0 0 0 0 0 0 0 
Generation 3
0 0 0 0 0 0 0 0 
0 0 0 0 0 0 0 0 
0 0 0 0 0 0 0 0 
541 3523 28534 578 859 321 371 409 
0 0 0 0 0 0 0 0 
0 0 0 0 0 0 0 0 
0 0 0 0 0 0 0 0 
0 0 0 0 0 0 0 0 
Carried out 0 GCs
Carried out 0 GCs
Generation 1
0 0 0 0 0 0 0 0 
0 0 0 0 0 0 0 0 
0 0 0 0 0 0 0 0 
0 0 0 0 0 0 0 0 
282 0 0 0 5 696 0 99 
0 0 0 0 0 0 0 0 
0 0 0 0 0 0 0 0 
0 0 0 0 0 0 0 0 
Generation 2
0 0 0 0 0 0 0 0 
0 0 0 0 0 0 0 0 
0 0 0 0 0 0 0 0 
0 0 0 0 0 0 0 0 
25961 32678 12085 8092 20204 34185 73831 16322 
0 0 0 0 0 0 0 0 
0 0 0 0 0 0 0 0 
0 0 0 0 0 0 0 0 
Generation 3
0 0 0 0 0 0 0 0 
0 0 0 0 0 0 0 0 
0 0 0 0 0 0 0 0 
0 0 0 0 0 0 0 0 
425 1850 673 579 867 320 371 412 
0 0 0 0 0 0 0 0 
0 0 0 0 0 0 0 0 
0 0 0 0 0 0 0 0 
Carried out 0 GCs
Carried out 0 GCs
Generation 1
0 0 0 0 0 0 0 0 
0 0 0 0 0 0 0 0 
0 0 0 0 0 0 0 0 
0 0 0 0 0 0 0 0 
0 0 0 0 0 0 0 0 
281 0 0 0 0 5 0 0 
0 0 0 0 0 0 0 0 
0 0 0 0 0 0 0 0 
Generation 2
0 0 0 0 0 0 0 0 
0 0 0 0 0 0 0 0 
0 0 0 0 0 0 0 0 
0 0 0 0 0 0 0 0 
0 0 0 0 0 0 0 0 
63580 93381 41821 46434 14807 19439 21942 19951 
0 0 0 0 0 0 0 0 
0 0 0 0 0 0 0 0 
Generation 3
0 0 0 0 0 0 0 0 
0 0 0 0 0 0 0 0 
0 0 0 0 0 0 0 0 
0 0 0 0 0 0 0 0 
0 0 0 0 0 0 0 0 
385 1782 299 515 938 320 371 411 
0 0 0 0 0 0 0 0 
0 0 0 0 0 0 0 0 
Carried out 0 GCs
Carried out 0 GCs
Generation 1
0 0 0 0 0 0 0 0 
0 0 0 0 0 0 0 0 
0 0 0 0 0 0 0 0 
0 0 0 0 0 0 0 0 
0 0 0 0 0 0 0 0 
0 0 0 0 0 0 0 0 
282 0 1784 0 0 0 1202 0 
0 0 0 0 0 0 0 0 
Generation 2
0 0 0 0 0 0 0 0 
0 0 0 0 0 0 0 0 
0 0 0 0 0 0 0 0 
0 0 0 0 0 0 0 0 
0 0 0 0 0 0 0 0 
0 0 0 0 0 0 0 0 
41788 81417 5999 18654 8209 12610 38185 29989 
0 0 0 0 0 0 0 0 
Generation 3
0 0 0 0 0 0 0 0 
0 0 0 0 0 0 0 0 
0 0 0 0 0 0 0 0 
0 0 0 0 0 0 0 0 
0 0 0 0 0 0 0 0 
0 0 0 0 0 0 0 0 
377 1188 371 464 1004 320 371 411 
0 0 0 0 0 0 0 0 
Carried out 0 GCs
Carried out 0 GCs
Generation 1
0 0 0 0 0 0 0 0 
0 0 0 0 0 0 0 0 
0 0 0 0 0 0 0 0 
0 0 0 0 0 0 0 0 
0 0 0 0 0 0 0 0 
0 0 0 0 0 0 0 0 
0 0 0 0 0 0 0 0 
281 0 0 0 0 0 0 5 
Generation 2
0 0 0 0 0 0 0 0 
0 0 0 0 0 0 0 0 
0 0 0 0 0 0 0 0 
0 0 0 0 0 0 0 0 
0 0 0 0 0 0 0 0 
0 0 0 0 0 0 0 0 
0 0 0 0 0 0 0 0 
1545 78710 614 2084 14915 163 11970 35427 
Generation 3
0 0 0 0 0 0 0 0 
0 0 0 0 0 0 0 0 
0 0 0 0 0 0 0 0 
0 0 0 0 0 0 0 0 
0 0 0 0 0 0 0 0 
0 0 0 0 0 0 0 0 
0 0 0 0 0 0 0 0 
377 636 299 456 994 320 371 455 
Carried out 0 GCs
Carried out 0 GCs
Generation 1
17510 5 140 5 2 5 701 8 
0 0 0 0 0 0 0 0 
0 0 0 0 0 0 0 0 
0 0 0 0 0 0 0 0 
0 0 0 0 0 0 0 0 
0 0 0 0 0 0 0 0 
0 0 0 0 0 0 0 0 
0 0 0 0 0 0 0 0 
Generation 2
38117 36165 5836 29935 8100 13926 39768 16288 
0 0 0 0 0 0 0 0 
0 0 0 0 0 0 0 0 
0 0 0 0 0 0 0 0 
0 0 0 0 0 0 0 0 
0 0 0 0 0 0 0 0 
0 0 0 0 0 0 0 0 
0 0 0 0 0 0 0 0 
Generation 3
591 2998 485 507 1218 320 371 407 
0 0 0 0 0 0 0 0 
0 0 0 0 0 0 0 0 
0 0 0 0 0 0 0 0 
0 0 0 0 0 0 0 0 
0 0 0 0 0 0 0 0 
0 0 0 0 0 0 0 0 
0 0 0 0 0 0 0 0 
Carried out 0 GCs
Carried out 0 GCs
Generation 1
0 0 0 0 0 0 0 0 
0 23879 1150 2436 0 114 1893 388 
0 0 0 0 0 0 0 0 
0 0 0 0 0 0 0 0 
0 0 0 0 0 0 0 0 
0 0 0 0 0 0 0 0 
0 0 0 0 0 0 0 0 
0 0 0 0 0 0 0 0 
Generation 2
0 0 0 0 0 0 0 0 
77040 67308 168142 47664 24181 50592 107942 41454 
0 0 0 0 0 0 0 0 
0 0 0 0 0 0 0 0 
0 0 0 0 0 0 0 0 
0 0 0 0 0 0 0 0 
0 0 0 0 0 0 0 0 
0 0 0 0 0 0 0 0 
Generation 3
0 0 0 0 0 0 0 0 
4112 5901 871 719 738 320 371 414 
0 0 0 0 0 0 0 0 
0 0 0 0 0 0 0 0 
0 0 0 0 0 0 0 0 
0 0 0 0 0 0 0 0 
0 0 0 0 0 0 0 0 
0 0 0 0 0 0 0 0 
Carried out 0 GCs
Carried out 0 GCs
Generation 1
0 0 0 0 0 0 0 0 
0 0 0 0 0 0 0 0 
799486 0 2653 0 0 0 0 0 
0 0 0 0 0 0 0 0 
0 0 0 0 0 0 0 0 
0 0 0 0 0 0 0 0 
0 0 0 0 0 0 0 0 
0 0 0 0 0 0 0 0 
Generation 2
0 0 0 0 0 0 0 0 
0 0 0 0 0 0 0 0 
123840 147915 88023 24178 24465 27529 90296 41939 
0 0 0 0 0 0 0 0 
0 0 0 0 0 0 0 0 
0 0 0 0 0 0 0 0 
0 0 0 0 0 0 0 0 
0 0 0 0 0 0 0 0 
Generation 3
0 0 0 0 0 0 0 0 
0 0 0 0 0 0 0 0 
379 836 299 507 933 320 371 409 
0 0 0 0 0 0 0 0 
0 0 0 0 0 0 0 0 
0 0 0 0 0 0 0 0 
0 0 0 0 0 0 0 0 
0 0 0 0 0 0 0 0 
Carried out 0 GCs
Carried out 0 GCs
Generation 1
0 0 0 0 0 0 0 0 
0 0 0 0 0 0 0 0 
0 0 0 0 0 0 0 0 
0 0 795 5554 0 1624 0 1624 
0 0 0 0 0 0 0 0 
0 0 0 0 0 0 0 0 
0 0 0 0 0 0 0 0 
0 0 0 0 0 0 0 0 
Generation 2
0 0 0 0 0 0 0 0 
0 0 0 0 0 0 0 0 
0 0 0 0 0 0 0 0 
29287 157564 12423 46108 9819 29834 59623 14614 
0 0 0 0 0 0 0 0 
0 0 0 0 0 0 0 0 
0 0 0 0 0 0 0 0 
0 0 0 0 0 0 0 0 
Generation 3
0 0 0 0 0 0 0 0 
0 0 0 0 0 0 0 0 
0 0 0 0 0 0 0 0 
897 6940 1791 1693 940 320 2201 407 
0 0 0 0 0 0 0 0 
0 0 0 0 0 0 0 0 
0 0 0 0 0 0 0 0 
0 0 0 0 0 0 0 0 
Carried out 0 GCs
Carried out 0 GCs
Generation 1
0 0 0 0 0 0 0 0 
0 0 0 0 0 0 0 0 
0 0 0 0 0 0 0 0 
0 0 0 0 0 0 0 0 
0 0 0 826 2531 0 0 0 
0 0 0 0 0 0 0 0 
0 0 0 0 0 0 0 0 
0 0 0 0 0 0 0 0 
Generation 2
0 0 0 0 0 0 0 0 
0 0 0 0 0 0 0 0 
0 0 0 0 0 0 0 0 
0 0 0 0 0 0 0 0 
23507 48749 58835 24501 28494 13957 40578 81632 
0 0 0 0 0 0 0 0 
0 0 0 0 0 0 0 0 
0 0 0 0 0 0 0 0 
Generation 3
0 0 0 0 0 0 0 0 
0 0 0 0 0 0 0 0 
0 0 0 0 0 0 0 0 
0 0 0 0 0 0 0 0 
423 2143 621 565 889 320 371 411 
0 0 0 0 0 0 0 0 
0 0 0 0 0 0 0 0 
0 0 0 0 0 0 0 0 
Carried out 0 GCs
Carried out 0 GCs
Generation 1
0 0 0 0 0 0 0 0 
0 0 0 0 0 0 0 0 
0 0 0 0 0 0 0 0 
0 0 0 0 0 0 0 0 
0 0 0 0 0 0 0 0 
0 0 0 0 0 2653 176 0 
0 0 0 0 0 0 0 0 
0 0 0 0 0 0 0 0 
Generation 2
0 0 0 0 0 0 0 0 
0 0 0 0 0 0 0 0 
0 0 0 0 0 0 0 0 
0 0 0 0 0 0 0 0 
0 0 0 0 0 0 0 0 
65604 93530 3512 7935 27454 3872 108846 18634 
0 0 0 0 0 0 0 0 
0 0 0 0 0 0 0 0 
Generation 3
0 0 0 0 0 0 0 0 
0 0 0 0 0 0 0 0 
0 0 0 0 0 0 0 0 
0 0 0 0 0 0 0 0 
0 0 0 0 0 0 0 0 
377 1638 488 6560 988 8027 371 428 
0 0 0 0 0 0 0 0 
0 0 0 0 0 0 0 0 
Carried out 0 GCs
Carried out 0 GCs
Generation 1
0 0 0 0 0 0 0 0 
0 0 0 0 0 0 0 0 
0 0 0 0 0 0 0 0 
0 0 0 0 0 0 0 0 
0 0 0 0 0 0 0 0 
0 0 0 0 0 0 0 0 
0 0 0 0 0 0 2653 0 
0 0 0 0 0 0 0 0 
Generation 2
0 0 0 0 0 0 0 0 
0 0 0 0 0 0 0 0 
0 0 0 0 0 0 0 0 
0 0 0 0 0 0 0 0 
0 0 0 0 0 0 0 0 
0 0 0 0 0 0 0 0 
25065 47531 34384 16419 2346 34664 61456 69906 
0 0 0 0 0 0 0 0 
Generation 3
0 0 0 0 0 0 0 0 
0 0 0 0 0 0 0 0 
0 0 0 0 0 0 0 0 
0 0 0 0 0 0 0 0 
0 0 0 0 0 0 0 0 
0 0 0 0 0 0 0 0 
420 1037 443 489 972 320 371 410 
0 0 0 0 0 0 0 0 
Carried out 0 GCs
Carried out 0 GCs
Generation 1
0 0 0 0 0 0 0 0 
0 0 0 0 0 0 0 0 
0 0 0 0 0 0 0 0 
0 0 0 0 0 0 0 0 
0 0 0 0 0 0 0 0 
0 0 0 0 0 0 0 0 
0 0 0 0 0 0 0 0 
3 0 0 0 0 0 0 2654 
Generation 2
0 0 0 0 0 0 0 0 
0 0 0 0 0 0 0 0 
0 0 0 0 0 0 0 0 
0 0 0 0 0 0 0 0 
0 0 0 0 0 0 0 0 
0 0 0 0 0 0 0 0 
0 0 0 0 0 0 0 0 
50411 42554 9847 6291 4127 2299 17011 89718 
Generation 3
0 0 0 0 0 0 0 0 
0 0 0 0 0 0 0 0 
0 0 0 0 0 0 0 0 
0 0 0 0 0 0 0 0 
0 0 0 0 0 0 0 0 
0 0 0 0 0 0 0 0 
0 0 0 0 0 0 0 0 
3160 1116 7278 443 994 320 371 411 
