parfib 60 = 5009461563921
Carried out 353 GCs
Carried out 3 GCs
Generation 1
657188 196498 233102 215310 251442 164291 169531 172155 
0 0 0 0 0 0 0 0 
0 0 0 0 0 1 1 0 
0 0 0 0 0 0 0 0 
0 0 0 0 0 0 0 0 
0 0 0 0 0 0 0 0 
0 0 0 0 0 0 0 0 
104 126 122 113 126 125 106 120 
Generation 2
1190755 355603 298793 237773 214423 137924 203215 85278 
0 0 0 0 0 0 0 0 
96 31 8 40 0 115 121 128 
0 0 0 0 0 0 0 0 
0 0 0 0 0 0 0 0 
0 0 0 0 0 0 0 0 
0 0 0 0 0 0 0 0 
2515 1415 1318 1321 1211 996 1051 4527 
Generation 3
776360 69776 96351 170050 108671 116197 157004 105999 
0 0 0 0 0 0 0 0 
602 2 0 0 226 0 0 0 
0 0 0 0 0 0 0 0 
0 0 0 0 0 0 0 0 
0 0 0 0 0 0 0 0 
0 0 0 0 0 0 0 0 
1650 35 0 11 5240 0 0 11313 
Carried out 946 GCs
Carried out 4 GCs
Generation 1
0 0 0 0 0 0 0 0 
57560 1015164 134975 166261 176348 154760 126968 136603 
0 0 0 0 0 0 0 0 
0 0 0 0 0 0 0 0 
0 0 0 0 0 0 0 0 
0 0 0 0 0 0 0 0 
0 0 0 0 0 0 0 0 
0 0 0 0 0 0 0 0 
Generation 2
0 0 0 0 0 0 0 0 
233070 1442083 201372 160222 214015 124708 171202 99699 
0 0 0 0 0 0 0 0 
0 0 0 0 0 0 0 0 
0 0 0 0 0 0 0 0 
0 0 0 0 0 0 0 0 
0 0 0 0 0 0 0 0 
0 0 0 0 0 0 0 0 
Generation 3
0 0 0 0 0 0 0 0 
589831 184838 115096 198410 126016 142866 182267 123084 
0 0 0 0 0 0 0 0 
0 0 0 0 0 0 0 0 
0 0 0 0 0 0 0 0 
0 0 0 0 0 0 0 0 
0 0 0 0 0 0 0 0 
0 0 0 0 0 0 0 0 
Carried out 1 GCs
Carried out 1 GCs
Generation 1
0 0 0 0 0 0 0 0 
0 0 0 0 0 0 0 0 
17070 11970 440881 7474 11185 5563 9091 20189 
0 0 0 0 0 0 0 0 
0 0 0 0 0 0 0 0 
0 0 0 0 0 0 0 0 
0 0 0 0 0 0 0 0 
0 0 0 0 0 0 0 0 
Generation 2
0 0 0 0 0 0 0 0 
0 0 0 0 0 0 0 0 
24242 50917 656090 37001 70396 34986 59384 37215 
0 0 0 0 0 0 0 0 
0 0 0 0 0 0 0 0 
0 0 0 0 0 0 0 0 
0 0 0 0 0 0 0 0 
0 0 0 0 0 0 0 0 
Generation 3
0 0 0 0 0 0 0 0 
0 0 0 0 0 0 0 0 
113753 32590 51992 101206 51812 67759 91001 65163 
0 0 0 0 0 0 0 0 
0 0 0 0 0 0 0 0 
0 0 0 0 0 0 0 0 
0 0 0 0 0 0 0 0 
0 0 0 0 0 0 0 0 
Carried out 19 GCs
Carried out 1 GCs
Generation 1
0 0 0 0 0 0 0 0 
0 0 0 0 0 0 0 0 
0 0 0 0 0 0 0 0 
14925 10102 7296 421145 24107 29770 16393 31802 
0 0 0 0 0 0 0 0 
0 0 0 0 0 0 0 0 
0 0 0 0 0 0 0 0 
0 0 0 0 0 0 0 0 
Generation 2
0 0 0 0 0 0 0 0 
0 0 0 0 0 0 0 0 
0 0 0 0 0 0 0 0 
25293 53815 55180 651902 90966 48064 65470 45476 
0 0 0 0 0 0 0 0 
0 0 0 0 0 0 0 0 
0 0 0 0 0 0 0 0 
0 0 0 0 0 0 0 0 
Generation 3
0 0 0 0 0 0 0 0 
0 0 0 0 0 0 0 0 
0 0 0 0 0 0 0 0 
130338 29003 49165 93790 47816 60485 81803 58390 
0 0 0 0 0 0 0 0 
0 0 0 0 0 0 0 0 
0 0 0 0 0 0 0 0 
0 0 0 0 0 0 0 0 
Carried out 10 GCs
Carried out 0 GCs
Generation 1
0 0 0 0 0 0 0 0 
0 0 0 0 0 0 0 0 
0 0 0 0 0 0 0 0 
0 0 0 0 0 0 0 0 
11393 7974 5932 4078 409668 25313 12700 29391 
0 0 0 0 0 0 0 0 
0 0 0 0 0 0 0 0 
0 0 0 0 0 0 0 0 
Generation 2
0 0 0 0 0 0 0 0 
0 0 0 0 0 0 0 0 
0 0 0 0 0 0 0 0 
0 0 0 0 0 0 0 0 
28549 52430 54302 42797 657166 45923 86040 47035 
0 0 0 0 0 0 0 0 
0 0 0 0 0 0 0 0 
0 0 0 0 0 0 0 0 
Generation 3
0 0 0 0 0 0 0 0 
0 0 0 0 0 0 0 0 
0 0 0 0 0 0 0 0 
0 0 0 0 0 0 0 0 
122436 26762 46146 86621 43052 56586 74754 53966 
0 0 0 0 0 0 0 0 
0 0 0 0 0 0 0 0 
0 0 0 0 0 0 0 0 
Carried out 1331 GCs
Carried out 7 GCs
Generation 1
0 0 0 0 0 0 0 0 
0 0 0 0 0 0 0 0 
0 0 0 0 0 0 0 0 
0 0 0 0 0 0 0 0 
0 0 0 0 0 0 0 0 
7507 4634 11053 43719 24785 417291 20720 43088 
0 0 0 0 0 0 0 0 
0 0 0 0 0 0 0 0 
Generation 2
0 0 0 0 0 0 0 0 
0 0 0 0 0 0 0 0 
0 0 0 0 0 0 0 0 
0 0 0 0 0 0 0 0 
0 0 0 0 0 0 0 0 
26439 63531 74781 48155 108401 627557 94836 49434 
0 0 0 0 0 0 0 0 
0 0 0 0 0 0 0 0 
Generation 3
0 0 0 0 0 0 0 0 
0 0 0 0 0 0 0 0 
0 0 0 0 0 0 0 0 
0 0 0 0 0 0 0 0 
0 0 0 0 0 0 0 0 
145589 25457 43352 82812 48238 55391 72561 50175 
0 0 0 0 0 0 0 0 
0 0 0 0 0 0 0 0 
Carried out 1641 GCs
Carried out 20 GCs
Generation 1
0 0 0 0 0 0 0 0 
0 0 0 0 0 0 0 0 
0 0 0 0 0 0 0 0 
0 0 0 0 0 0 0 0 
0 0 0 0 0 0 0 0 
0 0 0 0 0 0 0 0 
7383 5713 5628 19022 39105 44037 420931 47361 
0 0 0 0 0 0 0 0 
Generation 2
0 0 0 0 0 0 0 0 
0 0 0 0 0 0 0 0 
0 0 0 0 0 0 0 0 
0 0 0 0 0 0 0 0 
0 0 0 0 0 0 0 0 
0 0 0 0 0 0 0 0 
30208 68152 75054 59443 120326 44630 665329 47001 
0 0 0 0 0 0 0 0 
Generation 3
0 0 0 0 0 0 0 0 
0 0 0 0 0 0 0 0 
0 0 0 0 0 0 0 0 
0 0 0 0 0 0 0 0 
0 0 0 0 0 0 0 0 
0 0 0 0 0 0 0 0 
157407 25211 42933 80598 46147 54640 77674 49216 
0 0 0 0 0 0 0 0 
Carried out 161 GCs
Carried out 4 GCs
Generation 1
0 0 0 0 0 0 0 0 
0 0 0 0 0 0 0 0 
0 0 0 0 0 0 0 0 
0 0 0 0 0 0 0 0 
0 0 0 0 0 0 0 0 
0 0 0 0 0 0 0 0 
0 0 0 0 0 0 0 0 
4756 2664 2366 1786 3805 3598 9051 363306 
Generation 2
0 0 0 0 0 0 0 0 
0 0 0 0 0 0 0 0 
0 0 0 0 0 0 0 0 
0 0 0 0 0 0 0 0 
0 0 0 0 0 0 0 0 
0 0 0 0 0 0 0 0 
0 0 0 0 0 0 0 0 
21070 64180 69880 42922 111239 39469 91611 489364 
Generation 3
0 0 0 0 0 0 0 0 
0 0 0 0 0 0 0 0 
0 0 0 0 0 0 0 0 
0 0 0 0 0 0 0 0 
0 0 0 0 0 0 0 0 
0 0 0 0 0 0 0 0 
0 0 0 0 0 0 0 0 
94097 21581 39295 74862 37491 49539 64055 45481 
Carried out 6 GCs
Carried out 2 GCs
Generation 1
404481 113416 153345 135671 102570 50789 85037 82825 
0 0 0 0 0 0 0 0 
0 0 0 0 0 0 0 0 
0 0 0 0 0 0 0 0 
0 0 0 0 0 0 0 0 
0 0 0 0 0 0 0 0 
0 0 0 0 0 0 0 0 
0 0 0 0 0 0 0 0 
Generation 2
881760 224946 154857 123341 166615 64505 112660 62436 
0 0 0 0 0 0 0 0 
0 0 0 0 0 0 0 0 
0 0 0 0 0 0 0 0 
0 0 0 0 0 0 0 0 
0 0 0 0 0 0 0 0 
0 0 0 0 0 0 0 0 
0 0 0 0 0 0 0 0 
Generation 3
429011 28711 48273 86937 45834 56707 77937 50468 
0 0 0 0 0 0 0 0 
0 0 0 0 0 0 0 0 
0 0 0 0 0 0 0 0 
0 0 0 0 0 0 0 0 
0 0 0 0 0 0 0 0 
0 0 0 0 0 0 0 0 
0 0 0 0 0 0 0 0 
Carried out 4 GCs
Carried out 0 GCs
Generation 1
0 0 0 0 0 0 0 0 
10952 382356 62827 87635 77678 62015 64027 66998 
0 0 0 0 0 0 0 0 
0 0 0 0 0 0 0 0 
0 0 0 0 0 0 0 0 
0 0 0 0 0 0 0 0 
0 0 0 0 0 0 0 0 
0 0 0 0 0 0 0 0 
Generation 2
0 0 0 0 0 0 0 0 
50293 787105 106952 78220 138415 63431 152468 51156 
0 0 0 0 0 0 0 0 
0 0 0 0 0 0 0 0 
0 0 0 0 0 0 0 0 
0 0 0 0 0 0 0 0 
0 0 0 0 0 0 0 0 
0 0 0 0 0 0 0 0 
Generation 3
0 0 0 0 0 0 0 0 
239995 23177 42836 78570 40763 51231 68999 47409 
0 0 0 0 0 0 0 0 
0 0 0 0 0 0 0 0 
0 0 0 0 0 0 0 0 
0 0 0 0 0 0 0 0 
0 0 0 0 0 0 0 0 
0 0 0 0 0 0 0 0 
Carried out 8 GCs
Carried out 1 GCs
Generation 1
0 0 0 0 0 0 0 0 
0 0 0 0 0 0 0 0 
7856 5014 349628 30861 31744 51106 37027 49261 
0 0 0 0 0 0 0 0 
0 0 0 0 0 0 0 0 
0 0 0 0 0 0 0 0 
0 0 0 0 0 0 0 0 
0 0 0 0 0 0 0 0 
Generation 2
0 0 0 0 0 0 0 0 
0 0 0 0 0 0 0 0 
28422 81450 593096 60863 137401 62967 110348 47547 
0 0 0 0 0 0 0 0 
0 0 0 0 0 0 0 0 
0 0 0 0 0 0 0 0 
0 0 0 0 0 0 0 0 
0 0 0 0 0 0 0 0 
Generation 3
0 0 0 0 0 0 0 0 
0 0 0 0 0 0 0 0 
144040 21443 38912 74288 38020 49683 62855 44914 
0 0 0 0 0 0 0 0 
0 0 0 0 0 0 0 0 
0 0 0 0 0 0 0 0 
0 0 0 0 0 0 0 0 
0 0 0 0 0 0 0 0 
Carried out 1561 GCs
Carried out 14 GCs
Generation 1
0 0 0 0 0 0 0 0 
0 0 0 0 0 0 0 0 
0 0 0 0 0 0 0 0 
9078 12268 33024 400861 64135 98162 75135 92212 
0 0 0 0 0 0 0 0 
0 0 0 0 0 0 0 0 
0 0 0 0 0 0 0 0 
0 0 0 0 0 0 0 0 
Generation 2
0 0 0 0 0 0 0 0 
0 0 0 0 0 0 0 0 
0 0 0 0 0 0 0 0 
45816 144103 106156 670826 146387 92973 130887 75913 
0 0 0 0 0 0 0 0 
0 0 0 0 0 0 0 0 
0 0 0 0 0 0 0 0 
0 0 0 0 0 0 0 0 
Generation 3
0 0 0 0 0 0 0 0 
0 0 0 0 0 0 0 0 
0 0 0 0 0 0 0 0 
228557 21256 42446 79438 46684 50956 72823 45078 
0 0 0 0 0 0 0 0 
0 0 0 0 0 0 0 0 
0 0 0 0 0 0 0 0 
0 0 0 0 0 0 0 0 
Carried out 2171 GCs
Carried out 19 GCs
Generation 1
0 0 0 0 0 0 0 0 
0 0 0 0 0 0 0 0 
0 0 0 0 0 0 0 0 
0 0 0 0 0 0 0 0 
5821 8077 16548 48643 402579 53583 55944 57604 
0 0 0 0 0 0 0 0 
0 0 0 0 0 0 0 0 
0 0 0 0 0 0 0 0 
Generation 2
0 0 0 0 0 0 0 0 
0 0 0 0 0 0 0 0 
0 0 0 0 0 0 0 0 
0 0 0 0 0 0 0 0 
35222 100627 98320 71605 669660 64468 133408 55190 
0 0 0 0 0 0 0 0 
0 0 0 0 0 0 0 0 
0 0 0 0 0 0 0 0 
Generation 3
0 0 0 0 0 0 0 0 
0 0 0 0 0 0 0 0 
0 0 0 0 0 0 0 0 
0 0 0 0 0 0 0 0 
193702 21800 42180 75216 51482 52881 69607 45577 
0 0 0 0 0 0 0 0 
0 0 0 0 0 0 0 0 
0 0 0 0 0 0 0 0 
Carried out 3 GCs
Carried out 1 GCs
Generation 1
0 0 0 0 0 0 0 0 
0 0 0 0 0 0 0 0 
0 0 0 0 0 0 0 0 
0 0 0 0 0 0 0 0 
0 0 0 0 0 0 0 0 
3368 1971 1648 1142 1106 340010 2419 4134 
0 0 0 0 0 0 0 0 
0 0 0 0 0 0 0 0 
Generation 2
0 0 0 0 0 0 0 0 
0 0 0 0 0 0 0 0 
0 0 0 0 0 0 0 0 
0 0 0 0 0 0 0 0 
0 0 0 0 0 0 0 0 
20165 78281 75228 57920 122602 414801 106416 42624 
0 0 0 0 0 0 0 0 
0 0 0 0 0 0 0 0 
Generation 3
0 0 0 0 0 0 0 0 
0 0 0 0 0 0 0 0 
0 0 0 0 0 0 0 0 
0 0 0 0 0 0 0 0 
0 0 0 0 0 0 0 0 
91120 18319 36695 67917 35021 45654 58950 40245 
0 0 0 0 0 0 0 0 
0 0 0 0 0 0 0 0 
Carried out 3 GCs
Carried out 1 GCs
Generation 1
0 0 0 0 0 0 0 0 
0 0 0 0 0 0 0 0 
0 0 0 0 0 0 0 0 
0 0 0 0 0 0 0 0 
0 0 0 0 0 0 0 0 
0 0 0 0 0 0 0 0 
3413 1978 1479 1039 2212 11317 335209 2643 
0 0 0 0 0 0 0 0 
Generation 2
0 0 0 0 0 0 0 0 
0 0 0 0 0 0 0 0 
0 0 0 0 0 0 0 0 
0 0 0 0 0 0 0 0 
0 0 0 0 0 0 0 0 
0 0 0 0 0 0 0 0 
19319 87862 68690 55544 124794 47131 507377 43705 
0 0 0 0 0 0 0 0 
Generation 3
0 0 0 0 0 0 0 0 
0 0 0 0 0 0 0 0 
0 0 0 0 0 0 0 0 
0 0 0 0 0 0 0 0 
0 0 0 0 0 0 0 0 
0 0 0 0 0 0 0 0 
91849 18338 36409 68576 34353 45465 58672 40660 
0 0 0 0 0 0 0 0 
Carried out 151 GCs
Carried out 1 GCs
Generation 1
0 0 0 0 0 0 0 0 
0 0 0 0 0 0 0 0 
0 0 0 0 0 0 0 0 
0 0 0 0 0 0 0 0 
0 0 0 0 0 0 0 0 
0 0 0 0 0 0 0 0 
0 0 0 0 0 0 0 0 
2596 1530 1124 1044 1861 4222 4549 338913 
Generation 2
0 0 0 0 0 0 0 0 
0 0 0 0 0 0 0 0 
0 0 0 0 0 0 0 0 
0 0 0 0 0 0 0 0 
0 0 0 0 0 0 0 0 
0 0 0 0 0 0 0 0 
0 0 0 0 0 0 0 0 
19562 82542 84616 60789 125833 47892 104187 434824 
Generation 3
0 0 0 0 0 0 0 0 
0 0 0 0 0 0 0 0 
0 0 0 0 0 0 0 0 
0 0 0 0 0 0 0 0 
0 0 0 0 0 0 0 0 
0 0 0 0 0 0 0 0 
0 0 0 0 0 0 0 0 
91661 18041 36768 68433 34574 46246 57880 39980 
Carried out 9 GCs
Carried out 1 GCs
Generation 1
371803 118420 139161 132236 89848 88647 108984 88448 
0 0 0 0 0 0 0 0 
0 0 0 0 0 0 0 0 
0 0 0 0 0 0 0 0 
0 0 0 0 0 0 0 0 
0 0 0 0 0 0 0 0 
0 0 0 0 0 0 0 0 
0 0 0 0 0 0 0 0 
Generation 2
863811 219859 198810 117447 176552 72639 147986 65693 
0 0 0 0 0 0 0 0 
0 0 0 0 0 0 0 0 
0 0 0 0 0 0 0 0 
0 0 0 0 0 0 0 0 
0 0 0 0 0 0 0 0 
0 0 0 0 0 0 0 0 
0 0 0 0 0 0 0 0 
Generation 3
443467 22868 43349 76681 43495 51130 67121 43216 
0 0 0 0 0 0 0 0 
0 0 0 0 0 0 0 0 
0 0 0 0 0 0 0 0 
0 0 0 0 0 0 0 0 
0 0 0 0 0 0 0 0 
0 0 0 0 0 0 0 0 
0 0 0 0 0 0 0 0 
Carried out 2521 GCs
Carried out 27 GCs
Generation 1
0 0 0 0 0 0 0 0 
30453 443245 174337 183799 222958 181968 168851 136751 
0 0 0 0 0 0 0 0 
0 0 0 0 0 0 0 0 
0 0 0 0 0 0 0 0 
0 0 0 0 0 0 0 0 
0 0 0 0 0 0 0 0 
0 0 0 0 0 0 0 0 
Generation 2
0 0 0 0 0 0 0 0 
232876 923775 253515 185663 269258 116148 216975 100816 
0 0 0 0 0 0 0 0 
0 0 0 0 0 0 0 0 
0 0 0 0 0 0 0 0 
0 0 0 0 0 0 0 0 
0 0 0 0 0 0 0 0 
0 0 0 0 0 0 0 0 
Generation 3
0 0 0 0 0 0 0 0 
529357 27780 50897 83039 58426 57947 82809 47592 
0 0 0 0 0 0 0 0 
0 0 0 0 0 0 0 0 
0 0 0 0 0 0 0 0 
0 0 0 0 0 0 0 0 
0 0 0 0 0 0 0 0 
0 0 0 0 0 0 0 0 
Carried out 4 GCs
Carried out 1 GCs
Generation 1
0 0 0 0 0 0 0 0 
0 0 0 0 0 0 0 0 
4100 6237 333725 6732 7087 10523 15017 29923 
0 0 0 0 0 0 0 0 
0 0 0 0 0 0 0 0 
0 0 0 0 0 0 0 0 
0 0 0 0 0 0 0 0 
0 0 0 0 0 0 0 0 
Generation 2
0 0 0 0 0 0 0 0 
0 0 0 0 0 0 0 0 
23130 88201 493766 63979 131566 45814 118688 54355 
0 0 0 0 0 0 0 0 
0 0 0 0 0 0 0 0 
0 0 0 0 0 0 0 0 
0 0 0 0 0 0 0 0 
0 0 0 0 0 0 0 0 
Generation 3
0 0 0 0 0 0 0 0 
0 0 0 0 0 0 0 0 
118412 18399 37516 70023 34888 46964 59056 39783 
0 0 0 0 0 0 0 0 
0 0 0 0 0 0 0 0 
0 0 0 0 0 0 0 0 
0 0 0 0 0 0 0 0 
0 0 0 0 0 0 0 0 
Carried out 1 GCs
Carried out 1 GCs
Generation 1
0 0 0 0 0 0 0 0 
0 0 0 0 0 0 0 0 
0 0 0 0 0 0 0 0 
3310 3074 5368 335481 2915 4646 5316 4396 
0 0 0 0 0 0 0 0 
0 0 0 0 0 0 0 0 
0 0 0 0 0 0 0 0 
0 0 0 0 0 0 0 0 
Generation 2
0 0 0 0 0 0 0 0 
0 0 0 0 0 0 0 0 
0 0 0 0 0 0 0 0 
21564 91770 84185 408537 129062 49126 123135 49902 
0 0 0 0 0 0 0 0 
0 0 0 0 0 0 0 0 
0 0 0 0 0 0 0 0 
0 0 0 0 0 0 0 0 
Generation 3
0 0 0 0 0 0 0 0 
0 0 0 0 0 0 0 0 
0 0 0 0 0 0 0 0 
95949 17531 35906 66368 34579 43614 56146 38303 
0 0 0 0 0 0 0 0 
0 0 0 0 0 0 0 0 
0 0 0 0 0 0 0 0 
0 0 0 0 0 0 0 0 
Carried out 23 GCs
Carried out 1 GCs
Generation 1
0 0 0 0 0 0 0 0 
0 0 0 0 0 0 0 0 
0 0 0 0 0 0 0 0 
0 0 0 0 0 0 0 0 
6331 1466 1044 1330 339391 20704 9451 28149 
0 0 0 0 0 0 0 0 
0 0 0 0 0 0 0 0 
0 0 0 0 0 0 0 0 
Generation 2
0 0 0 0 0 0 0 0 
0 0 0 0 0 0 0 0 
0 0 0 0 0 0 0 0 
0 0 0 0 0 0 0 0 
20864 88596 91102 64970 551109 50479 116720 53079 
0 0 0 0 0 0 0 0 
0 0 0 0 0 0 0 0 
0 0 0 0 0 0 0 0 
Generation 3
0 0 0 0 0 0 0 0 
0 0 0 0 0 0 0 0 
0 0 0 0 0 0 0 0 
0 0 0 0 0 0 0 0 
104324 16856 36525 66668 33367 45570 57751 38755 
0 0 0 0 0 0 0 0 
0 0 0 0 0 0 0 0 
0 0 0 0 0 0 0 0 
Carried out 5 GCs
Carried out 1 GCs
Generation 1
0 0 0 0 0 0 0 0 
0 0 0 0 0 0 0 0 
0 0 0 0 0 0 0 0 
0 0 0 0 0 0 0 0 
0 0 0 0 0 0 0 0 
2172 1183 870 665 637 331321 1613 6394 
0 0 0 0 0 0 0 0 
0 0 0 0 0 0 0 0 
Generation 2
0 0 0 0 0 0 0 0 
0 0 0 0 0 0 0 0 
0 0 0 0 0 0 0 0 
0 0 0 0 0 0 0 0 
0 0 0 0 0 0 0 0 
19567 88517 88375 62064 130360 422442 110526 47896 
0 0 0 0 0 0 0 0 
0 0 0 0 0 0 0 0 
Generation 3
0 0 0 0 0 0 0 0 
0 0 0 0 0 0 0 0 
0 0 0 0 0 0 0 0 
0 0 0 0 0 0 0 0 
0 0 0 0 0 0 0 0 
91965 17298 37485 66539 34444 44683 56682 38442 
0 0 0 0 0 0 0 0 
0 0 0 0 0 0 0 0 
Carried out 1994 GCs
Carried out 23 GCs
Generation 1
0 0 0 0 0 0 0 0 
0 0 0 0 0 0 0 0 
0 0 0 0 0 0 0 0 
0 0 0 0 0 0 0 0 
0 0 0 0 0 0 0 0 
0 0 0 0 0 0 0 0 
2649 1804 2121 12007 33390 35519 382511 40424 
0 0 0 0 0 0 0 0 
Generation 2
0 0 0 0 0 0 0 0 
0 0 0 0 0 0 0 0 
0 0 0 0 0 0 0 0 
0 0 0 0 0 0 0 0 
0 0 0 0 0 0 0 0 
0 0 0 0 0 0 0 0 
28676 110484 105171 78300 144816 59028 590309 59454 
0 0 0 0 0 0 0 0 
Generation 3
0 0 0 0 0 0 0 0 
0 0 0 0 0 0 0 0 
0 0 0 0 0 0 0 0 
0 0 0 0 0 0 0 0 
0 0 0 0 0 0 0 0 
0 0 0 0 0 0 0 0 
144849 19980 40094 74176 45544 51880 66667 42727 
0 0 0 0 0 0 0 0 
Carried out 1 GCs
Carried out 1 GCs
Generation 1
0 0 0 0 0 0 0 0 
0 0 0 0 0 0 0 0 
0 0 0 0 0 0 0 0 
0 0 0 0 0 0 0 0 
0 0 0 0 0 0 0 0 
0 0 0 0 0 0 0 0 
0 0 0 0 0 0 0 0 
1673 795 535 566 387 315 252 332410 
Generation 2
0 0 0 0 0 0 0 0 
0 0 0 0 0 0 0 0 
0 0 0 0 0 0 0 0 
0 0 0 0 0 0 0 0 
0 0 0 0 0 0 0 0 
0 0 0 0 0 0 0 0 
0 0 0 0 0 0 0 0 
19301 88656 91770 55716 135473 47074 114242 398405 
Generation 3
0 0 0 0 0 0 0 0 
0 0 0 0 0 0 0 0 
0 0 0 0 0 0 0 0 
0 0 0 0 0 0 0 0 
0 0 0 0 0 0 0 0 
0 0 0 0 0 0 0 0 
0 0 0 0 0 0 0 0 
86821 16932 37133 67024 33613 44468 55431 38349 
Carried out 7 GCs
Carried out 0 GCs
Generation 1
379619 92580 162410 120956 88356 58810 109107 87317 
0 0 0 0 0 0 0 0 
0 0 0 0 0 0 0 0 
0 0 0 0 0 0 0 0 
0 0 0 0 0 0 0 0 
0 0 0 0 0 0 0 0 
0 0 0 0 0 0 0 0 
0 0 0 0 0 0 0 0 
Generation 2
945144 188455 161518 119481 179630 71328 175955 72295 
0 0 0 0 0 0 0 0 
0 0 0 0 0 0 0 0 
0 0 0 0 0 0 0 0 
0 0 0 0 0 0 0 0 
0 0 0 0 0 0 0 0 
0 0 0 0 0 0 0 0 
0 0 0 0 0 0 0 0 
Generation 3
439092 22369 43712 73619 43929 52270 67094 43850 
0 0 0 0 0 0 0 0 
0 0 0 0 0 0 0 0 
0 0 0 0 0 0 0 0 
0 0 0 0 0 0 0 0 
0 0 0 0 0 0 0 0 
0 0 0 0 0 0 0 0 
0 0 0 0 0 0 0 0 
Carried out 1606 GCs
Carried out 23 GCs
Generation 1
0 0 0 0 0 0 0 0 
53811 410470 157011 147324 209888 174326 164441 159912 
0 0 0 0 0 0 0 0 
0 0 0 0 0 0 0 0 
0 0 0 0 0 0 0 0 
0 0 0 0 0 0 0 0 
0 0 0 0 0 0 0 0 
0 0 0 0 0 0 0 0 
Generation 2
0 0 0 0 0 0 0 0 
151117 1009106 243927 172873 242377 115077 222072 97015 
0 0 0 0 0 0 0 0 
0 0 0 0 0 0 0 0 
0 0 0 0 0 0 0 0 
0 0 0 0 0 0 0 0 
0 0 0 0 0 0 0 0 
0 0 0 0 0 0 0 0 
Generation 3
0 0 0 0 0 0 0 0 
513851 24840 45175 77101 54823 53837 73789 45449 
0 0 0 0 0 0 0 0 
0 0 0 0 0 0 0 0 
0 0 0 0 0 0 0 0 
0 0 0 0 0 0 0 0 
0 0 0 0 0 0 0 0 
0 0 0 0 0 0 0 0 
Carried out 16 GCs
Carried out 1 GCs
Generation 1
0 0 0 0 0 0 0 0 
0 0 0 0 0 0 0 0 
2821 5910 328908 12473 5789 7894 6561 16518 
0 0 0 0 0 0 0 0 
0 0 0 0 0 0 0 0 
0 0 0 0 0 0 0 0 
0 0 0 0 0 0 0 0 
0 0 0 0 0 0 0 0 
Generation 2
0 0 0 0 0 0 0 0 
0 0 0 0 0 0 0 0 
22158 96323 512495 64883 133015 53466 123771 51023 
0 0 0 0 0 0 0 0 
0 0 0 0 0 0 0 0 
0 0 0 0 0 0 0 0 
0 0 0 0 0 0 0 0 
0 0 0 0 0 0 0 0 
Generation 3
0 0 0 0 0 0 0 0 
0 0 0 0 0 0 0 0 
107508 17094 36784 66046 33946 44690 55982 38584 
0 0 0 0 0 0 0 0 
0 0 0 0 0 0 0 0 
0 0 0 0 0 0 0 0 
0 0 0 0 0 0 0 0 
0 0 0 0 0 0 0 0 
Carried out 1596 GCs
Carried out 17 GCs
Generation 1
0 0 0 0 0 0 0 0 
0 0 0 0 0 0 0 0 
0 0 0 0 0 0 0 0 
3700 8678 28858 366728 64349 65446 59358 85424 
0 0 0 0 0 0 0 0 
0 0 0 0 0 0 0 0 
0 0 0 0 0 0 0 0 
0 0 0 0 0 0 0 0 
Generation 2
0 0 0 0 0 0 0 0 
0 0 0 0 0 0 0 0 
0 0 0 0 0 0 0 0 
42984 110889 115763 586893 155917 79696 155251 67809 
0 0 0 0 0 0 0 0 
0 0 0 0 0 0 0 0 
0 0 0 0 0 0 0 0 
0 0 0 0 0 0 0 0 
Generation 3
0 0 0 0 0 0 0 0 
0 0 0 0 0 0 0 0 
0 0 0 0 0 0 0 0 
218498 20088 40839 69845 45167 49069 63693 41123 
0 0 0 0 0 0 0 0 
0 0 0 0 0 0 0 0 
0 0 0 0 0 0 0 0 
0 0 0 0 0 0 0 0 
Carried out 2304 GCs
Carried out 29 GCs
Generation 1
0 0 0 0 0 0 0 0 
0 0 0 0 0 0 0 0 
0 0 0 0 0 0 0 0 
0 0 0 0 0 0 0 0 
2640 3923 6788 26525 388814 72716 75591 64295 
0 0 0 0 0 0 0 0 
0 0 0 0 0 0 0 0 
0 0 0 0 0 0 0 0 
Generation 2
0 0 0 0 0 0 0 0 
0 0 0 0 0 0 0 0 
0 0 0 0 0 0 0 0 
0 0 0 0 0 0 0 0 
34711 110062 107002 76507 687501 84907 144708 64463 
0 0 0 0 0 0 0 0 
0 0 0 0 0 0 0 0 
0 0 0 0 0 0 0 0 
Generation 3
0 0 0 0 0 0 0 0 
0 0 0 0 0 0 0 0 
0 0 0 0 0 0 0 0 
0 0 0 0 0 0 0 0 
192273 20821 42662 72412 51814 51513 66192 42782 
0 0 0 0 0 0 0 0 
0 0 0 0 0 0 0 0 
0 0 0 0 0 0 0 0 
Carried out 7 GCs
Carried out 1 GCs
Generation 1
0 0 0 0 0 0 0 0 
0 0 0 0 0 0 0 0 
0 0 0 0 0 0 0 0 
0 0 0 0 0 0 0 0 
0 0 0 0 0 0 0 0 
1701 674 529 447 391 327344 404 516 
0 0 0 0 0 0 0 0 
0 0 0 0 0 0 0 0 
Generation 2
0 0 0 0 0 0 0 0 
0 0 0 0 0 0 0 0 
0 0 0 0 0 0 0 0 
0 0 0 0 0 0 0 0 
0 0 0 0 0 0 0 0 
18511 91251 93981 60941 134008 383067 125271 48718 
0 0 0 0 0 0 0 0 
0 0 0 0 0 0 0 0 
Generation 3
0 0 0 0 0 0 0 0 
0 0 0 0 0 0 0 0 
0 0 0 0 0 0 0 0 
0 0 0 0 0 0 0 0 
0 0 0 0 0 0 0 0 
86245 16058 35203 65216 34225 45054 55047 37863 
0 0 0 0 0 0 0 0 
0 0 0 0 0 0 0 0 
Carried out 2138 GCs
Carried out 28 GCs
Generation 1
0 0 0 0 0 0 0 0 
0 0 0 0 0 0 0 0 
0 0 0 0 0 0 0 0 
0 0 0 0 0 0 0 0 
0 0 0 0 0 0 0 0 
0 0 0 0 0 0 0 0 
1728 800 1576 8864 51296 58328 359674 39111 
0 0 0 0 0 0 0 0 
Generation 2
0 0 0 0 0 0 0 0 
0 0 0 0 0 0 0 0 
0 0 0 0 0 0 0 0 
0 0 0 0 0 0 0 0 
0 0 0 0 0 0 0 0 
0 0 0 0 0 0 0 0 
29158 103735 98860 68819 153174 60613 609934 59216 
0 0 0 0 0 0 0 0 
Generation 3
0 0 0 0 0 0 0 0 
0 0 0 0 0 0 0 0 
0 0 0 0 0 0 0 0 
0 0 0 0 0 0 0 0 
0 0 0 0 0 0 0 0 
0 0 0 0 0 0 0 0 
152125 20779 42097 69910 49072 49064 66976 40280 
0 0 0 0 0 0 0 0 
Carried out 909 GCs
Carried out 15 GCs
Generation 1
0 0 0 0 0 0 0 0 
0 0 0 0 0 0 0 0 
0 0 0 0 0 0 0 0 
0 0 0 0 0 0 0 0 
0 0 0 0 0 0 0 0 
0 0 0 0 0 0 0 0 
0 0 0 0 0 0 0 0 
2372 1040 1025 2845 17756 22047 8998 345036 
Generation 2
0 0 0 0 0 0 0 0 
0 0 0 0 0 0 0 0 
0 0 0 0 0 0 0 0 
0 0 0 0 0 0 0 0 
0 0 0 0 0 0 0 0 
0 0 0 0 0 0 0 0 
0 0 0 0 0 0 0 0 
26305 93896 89515 64709 141147 59764 124625 394912 
Generation 3
0 0 0 0 0 0 0 0 
0 0 0 0 0 0 0 0 
0 0 0 0 0 0 0 0 
0 0 0 0 0 0 0 0 
0 0 0 0 0 0 0 0 
0 0 0 0 0 0 0 0 
0 0 0 0 0 0 0 0 
107128 17251 36384 65941 38625 44831 58312 38676 
Carried out 644 GCs
Carried out 9 GCs
Generation 1
408703 168272 217666 209863 196798 185197 155439 134803 
0 0 0 0 0 0 0 0 
0 0 0 0 0 0 0 0 
0 0 0 0 0 0 0 0 
0 0 0 0 0 0 0 0 
0 0 0 0 0 0 0 0 
0 0 0 0 0 0 0 0 
0 0 0 0 0 0 0 0 
Generation 2
1001564 340941 251221 212293 265744 139155 212652 85309 
0 0 0 0 0 0 0 0 
0 0 0 0 0 0 0 0 
0 0 0 0 0 0 0 0 
0 0 0 0 0 0 0 0 
0 0 0 0 0 0 0 0 
0 0 0 0 0 0 0 0 
0 0 0 0 0 0 0 0 
Generation 3
687312 29833 47070 77753 53982 54871 74146 45896 
0 0 0 0 0 0 0 0 
0 0 0 0 0 0 0 0 
0 0 0 0 0 0 0 0 
0 0 0 0 0 0 0 0 
0 0 0 0 0 0 0 0 
0 0 0 0 0 0 0 0 
0 0 0 0 0 0 0 0 
Carried out 1795 GCs
Carried out 29 GCs
Generation 1
0 0 0 0 0 0 0 0 
34835 427702 138128 192568 183925 187657 148570 159272 
0 0 0 0 0 0 0 0 
0 0 0 0 0 0 0 0 
0 0 0 0 0 0 0 0 
0 0 0 0 0 0 0 0 
0 0 0 0 0 0 0 0 
0 0 0 0 0 0 0 0 
Generation 2
0 0 0 0 0 0 0 0 
150947 1043031 280408 158848 225530 111626 204871 91051 
0 0 0 0 0 0 0 0 
0 0 0 0 0 0 0 0 
0 0 0 0 0 0 0 0 
0 0 0 0 0 0 0 0 
0 0 0 0 0 0 0 0 
0 0 0 0 0 0 0 0 
Generation 3
0 0 0 0 0 0 0 0 
502879 25385 46112 76405 57370 55223 76233 43466 
0 0 0 0 0 0 0 0 
0 0 0 0 0 0 0 0 
0 0 0 0 0 0 0 0 
0 0 0 0 0 0 0 0 
0 0 0 0 0 0 0 0 
0 0 0 0 0 0 0 0 
Carried out 1648 GCs
Carried out 34 GCs
Generation 1
0 0 0 0 0 0 0 0 
0 0 0 0 0 0 0 0 
6707 22257 364919 80494 80141 127383 85183 92689 
0 0 0 0 0 0 0 0 
0 0 0 0 0 0 0 0 
0 0 0 0 0 0 0 0 
0 0 0 0 0 0 0 0 
0 0 0 0 0 0 0 0 
Generation 2
0 0 0 0 0 0 0 0 
0 0 0 0 0 0 0 0 
63158 121245 721057 127345 165047 77635 166021 71657 
0 0 0 0 0 0 0 0 
0 0 0 0 0 0 0 0 
0 0 0 0 0 0 0 0 
0 0 0 0 0 0 0 0 
0 0 0 0 0 0 0 0 
Generation 3
0 0 0 0 0 0 0 0 
0 0 0 0 0 0 0 0 
282135 20802 42396 74007 49139 51419 65529 41843 
0 0 0 0 0 0 0 0 
0 0 0 0 0 0 0 0 
0 0 0 0 0 0 0 0 
0 0 0 0 0 0 0 0 
0 0 0 0 0 0 0 0 
Carried out 1461 GCs
Carried out 14 GCs
Generation 1
0 0 0 0 0 0 0 0 
0 0 0 0 0 0 0 0 
0 0 0 0 0 0 0 0 
7746 6215 24026 370539 63666 105905 65535 86265 
0 0 0 0 0 0 0 0 
0 0 0 0 0 0 0 0 
0 0 0 0 0 0 0 0 
0 0 0 0 0 0 0 0 
Generation 2
0 0 0 0 0 0 0 0 
0 0 0 0 0 0 0 0 
0 0 0 0 0 0 0 0 
39339 124140 116957 691271 164589 74528 165259 71706 
0 0 0 0 0 0 0 0 
0 0 0 0 0 0 0 0 
0 0 0 0 0 0 0 0 
0 0 0 0 0 0 0 0 
Generation 3
0 0 0 0 0 0 0 0 
0 0 0 0 0 0 0 0 
0 0 0 0 0 0 0 0 
227254 19294 41941 73230 44668 49177 64375 40618 
0 0 0 0 0 0 0 0 
0 0 0 0 0 0 0 0 
0 0 0 0 0 0 0 0 
0 0 0 0 0 0 0 0 
Carried out 2055 GCs
Carried out 35 GCs
Generation 1
0 0 0 0 0 0 0 0 
0 0 0 0 0 0 0 0 
0 0 0 0 0 0 0 0 
0 0 0 0 0 0 0 0 
2667 6845 19633 46086 376811 65954 48042 57648 
0 0 0 0 0 0 0 0 
0 0 0 0 0 0 0 0 
0 0 0 0 0 0 0 0 
Generation 2
0 0 0 0 0 0 0 0 
0 0 0 0 0 0 0 0 
0 0 0 0 0 0 0 0 
0 0 0 0 0 0 0 0 
37434 108566 137675 82039 619934 59962 148231 61857 
0 0 0 0 0 0 0 0 
0 0 0 0 0 0 0 0 
0 0 0 0 0 0 0 0 
Generation 3
0 0 0 0 0 0 0 0 
0 0 0 0 0 0 0 0 
0 0 0 0 0 0 0 0 
0 0 0 0 0 0 0 0 
188323 19603 40420 69115 50470 48767 67487 40201 
0 0 0 0 0 0 0 0 
0 0 0 0 0 0 0 0 
0 0 0 0 0 0 0 0 
Carried out 1439 GCs
Carried out 18 GCs
Generation 1
0 0 0 0 0 0 0 0 
0 0 0 0 0 0 0 0 
0 0 0 0 0 0 0 0 
0 0 0 0 0 0 0 0 
0 0 0 0 0 0 0 0 
1383 6684 1457 13731 20242 368209 13720 39394 
0 0 0 0 0 0 0 0 
0 0 0 0 0 0 0 0 
Generation 2
0 0 0 0 0 0 0 0 
0 0 0 0 0 0 0 0 
0 0 0 0 0 0 0 0 
0 0 0 0 0 0 0 0 
0 0 0 0 0 0 0 0 
27394 100311 109202 74058 150602 441760 141350 62559 
0 0 0 0 0 0 0 0 
0 0 0 0 0 0 0 0 
Generation 3
0 0 0 0 0 0 0 0 
0 0 0 0 0 0 0 0 
0 0 0 0 0 0 0 0 
0 0 0 0 0 0 0 0 
0 0 0 0 0 0 0 0 
131751 17384 38429 67768 44303 47094 58235 38638 
0 0 0 0 0 0 0 0 
0 0 0 0 0 0 0 0 
Carried out 1732 GCs
Carried out 28 GCs
Generation 1
0 0 0 0 0 0 0 0 
0 0 0 0 0 0 0 0 
0 0 0 0 0 0 0 0 
0 0 0 0 0 0 0 0 
0 0 0 0 0 0 0 0 
0 0 0 0 0 0 0 0 
1592 730 1093 11230 27942 60575 352170 48716 
0 0 0 0 0 0 0 0 
Generation 2
0 0 0 0 0 0 0 0 
0 0 0 0 0 0 0 0 
0 0 0 0 0 0 0 0 
0 0 0 0 0 0 0 0 
0 0 0 0 0 0 0 0 
0 0 0 0 0 0 0 0 
29516 109204 107468 69618 150990 59195 570061 61385 
0 0 0 0 0 0 0 0 
Generation 3
0 0 0 0 0 0 0 0 
0 0 0 0 0 0 0 0 
0 0 0 0 0 0 0 0 
0 0 0 0 0 0 0 0 
0 0 0 0 0 0 0 0 
0 0 0 0 0 0 0 0 
148904 19631 39165 68188 44823 47316 64297 38916 
0 0 0 0 0 0 0 0 
Carried out 2 GCs
Carried out 0 GCs
Generation 1
0 0 0 0 0 0 0 0 
0 0 0 0 0 0 0 0 
0 0 0 0 0 0 0 0 
0 0 0 0 0 0 0 0 
0 0 0 0 0 0 0 0 
0 0 0 0 0 0 0 0 
0 0 0 0 0 0 0 0 
1684 656 424 274 282 194 160 325079 
Generation 2
0 0 0 0 0 0 0 0 
0 0 0 0 0 0 0 0 
0 0 0 0 0 0 0 0 
0 0 0 0 0 0 0 0 
0 0 0 0 0 0 0 0 
0 0 0 0 0 0 0 0 
0 0 0 0 0 0 0 0 
17879 92481 88208 60736 130692 45246 125537 361737 
Generation 3
0 0 0 0 0 0 0 0 
0 0 0 0 0 0 0 0 
0 0 0 0 0 0 0 0 
0 0 0 0 0 0 0 0 
0 0 0 0 0 0 0 0 
0 0 0 0 0 0 0 0 
0 0 0 0 0 0 0 0 
80821 15534 34384 62318 32250 42837 52351 36037 
Carried out 16 GCs
Carried out 2 GCs
Generation 1
1514031 92497 132965 99138 68823 42292 76242 37291 
0 0 0 0 0 0 0 0 
0 0 0 0 0 0 0 0 
0 0 0 0 0 0 0 0 
0 0 0 0 0 0 0 0 
0 0 0 0 0 0 0 0 
0 0 0 0 0 0 0 0 
0 0 0 0 0 0 0 0 
Generation 2
1850165 135321 147022 104181 182992 67172 130616 53016 
0 0 0 0 0 0 0 0 
0 0 0 0 0 0 0 0 
0 0 0 0 0 0 0 0 
0 0 0 0 0 0 0 0 
0 0 0 0 0 0 0 0 
0 0 0 0 0 0 0 0 
0 0 0 0 0 0 0 0 
Generation 3
336082 18940 39523 67364 38128 46702 58549 38751 
0 0 0 0 0 0 0 0 
0 0 0 0 0 0 0 0 
0 0 0 0 0 0 0 0 
0 0 0 0 0 0 0 0 
0 0 0 0 0 0 0 0 
0 0 0 0 0 0 0 0 
0 0 0 0 0 0 0 0 
Carried out 1974 GCs
Carried out 28 GCs
Generation 1
0 0 0 0 0 0 0 0 
21305 1650314 163960 186526 222904 190685 157831 166674 
0 0 0 0 0 0 0 0 
0 0 0 0 0 0 0 0 
0 0 0 0 0 0 0 0 
0 0 0 0 0 0 0 0 
0 0 0 0 0 0 0 0 
0 0 0 0 0 0 0 0 
Generation 2
0 0 0 0 0 0 0 0 
113351 2293054 241813 153264 253657 114871 219244 90327 
0 0 0 0 0 0 0 0 
0 0 0 0 0 0 0 0 
0 0 0 0 0 0 0 0 
0 0 0 0 0 0 0 0 
0 0 0 0 0 0 0 0 
0 0 0 0 0 0 0 0 
Generation 3
0 0 0 0 0 0 0 0 
505723 24580 45493 74301 57949 56478 74044 43656 
0 0 0 0 0 0 0 0 
0 0 0 0 0 0 0 0 
0 0 0 0 0 0 0 0 
0 0 0 0 0 0 0 0 
0 0 0 0 0 0 0 0 
0 0 0 0 0 0 0 0 
Carried out 1744 GCs
Carried out 32 GCs
Generation 1
0 0 0 0 0 0 0 0 
0 0 0 0 0 0 0 0 
1870 15420 1017078 110727 108921 111269 98578 95283 
0 0 0 0 0 0 0 0 
0 0 0 0 0 0 0 0 
0 0 0 0 0 0 0 0 
0 0 0 0 0 0 0 0 
0 0 0 0 0 0 0 0 
Generation 2
0 0 0 0 0 0 0 0 
0 0 0 0 0 0 0 0 
54959 122070 1394348 111312 190417 74982 175258 82016 
0 0 0 0 0 0 0 0 
0 0 0 0 0 0 0 0 
0 0 0 0 0 0 0 0 
0 0 0 0 0 0 0 0 
0 0 0 0 0 0 0 0 
Generation 3
0 0 0 0 0 0 0 0 
0 0 0 0 0 0 0 0 
287198 21765 42213 72331 47085 49814 67055 41117 
0 0 0 0 0 0 0 0 
0 0 0 0 0 0 0 0 
0 0 0 0 0 0 0 0 
0 0 0 0 0 0 0 0 
0 0 0 0 0 0 0 0 
Carried out 120 GCs
Carried out 3 GCs
Generation 1
0 0 0 0 0 0 0 0 
0 0 0 0 0 0 0 0 
0 0 0 0 0 0 0 0 
1625 2986 3073 694132 28695 36176 28816 35010 
0 0 0 0 0 0 0 0 
0 0 0 0 0 0 0 0 
0 0 0 0 0 0 0 0 
0 0 0 0 0 0 0 0 
Generation 2
0 0 0 0 0 0 0 0 
0 0 0 0 0 0 0 0 
0 0 0 0 0 0 0 0 
23083 99110 104847 757521 145322 54572 126613 61999 
0 0 0 0 0 0 0 0 
0 0 0 0 0 0 0 0 
0 0 0 0 0 0 0 0 
0 0 0 0 0 0 0 0 
Generation 3
0 0 0 0 0 0 0 0 
0 0 0 0 0 0 0 0 
0 0 0 0 0 0 0 0 
139057 17042 34886 63716 34572 43471 54256 37607 
0 0 0 0 0 0 0 0 
0 0 0 0 0 0 0 0 
0 0 0 0 0 0 0 0 
0 0 0 0 0 0 0 0 
Carried out 2240 GCs
Carried out 29 GCs
Generation 1
0 0 0 0 0 0 0 0 
0 0 0 0 0 0 0 0 
0 0 0 0 0 0 0 0 
0 0 0 0 0 0 0 0 
875 1623 26974 86658 713478 83431 39916 72773 
0 0 0 0 0 0 0 0 
0 0 0 0 0 0 0 0 
0 0 0 0 0 0 0 0 
Generation 2
0 0 0 0 0 0 0 0 
0 0 0 0 0 0 0 0 
0 0 0 0 0 0 0 0 
0 0 0 0 0 0 0 0 
29799 112312 122953 81783 1023296 70290 150840 69471 
0 0 0 0 0 0 0 0 
0 0 0 0 0 0 0 0 
0 0 0 0 0 0 0 0 
Generation 3
0 0 0 0 0 0 0 0 
0 0 0 0 0 0 0 0 
0 0 0 0 0 0 0 0 
0 0 0 0 0 0 0 0 
195919 19279 41120 70844 51514 48376 65414 42099 
0 0 0 0 0 0 0 0 
0 0 0 0 0 0 0 0 
0 0 0 0 0 0 0 0 
Carried out 1 GCs
Carried out 0 GCs
Generation 1
0 0 0 0 0 0 0 0 
0 0 0 0 0 0 0 0 
0 0 0 0 0 0 0 0 
0 0 0 0 0 0 0 0 
0 0 0 0 0 0 0 0 
575 308 842 153 87782 503896 575 4628 
0 0 0 0 0 0 0 0 
0 0 0 0 0 0 0 0 
Generation 2
0 0 0 0 0 0 0 0 
0 0 0 0 0 0 0 0 
0 0 0 0 0 0 0 0 
0 0 0 0 0 0 0 0 
0 0 0 0 0 0 0 0 
15369 95257 92200 64818 134109 565173 129936 53555 
0 0 0 0 0 0 0 0 
0 0 0 0 0 0 0 0 
Generation 3
0 0 0 0 0 0 0 0 
0 0 0 0 0 0 0 0 
0 0 0 0 0 0 0 0 
0 0 0 0 0 0 0 0 
0 0 0 0 0 0 0 0 
84218 15927 35116 62452 32404 42770 51937 36320 
0 0 0 0 0 0 0 0 
0 0 0 0 0 0 0 0 
Carried out 9 GCs
Carried out 0 GCs
Generation 1
0 0 0 0 0 0 0 0 
0 0 0 0 0 0 0 0 
0 0 0 0 0 0 0 0 
0 0 0 0 0 0 0 0 
0 0 0 0 0 0 0 0 
0 0 0 0 0 0 0 0 
876 369 287 260 433 104325 479905 3202 
0 0 0 0 0 0 0 0 
Generation 2
0 0 0 0 0 0 0 0 
0 0 0 0 0 0 0 0 
0 0 0 0 0 0 0 0 
0 0 0 0 0 0 0 0 
0 0 0 0 0 0 0 0 
0 0 0 0 0 0 0 0 
15801 95620 92627 64883 137769 52120 626436 54586 
0 0 0 0 0 0 0 0 
Generation 3
0 0 0 0 0 0 0 0 
0 0 0 0 0 0 0 0 
0 0 0 0 0 0 0 0 
0 0 0 0 0 0 0 0 
0 0 0 0 0 0 0 0 
0 0 0 0 0 0 0 0 
84409 15235 33523 62670 32592 42454 52327 35861 
0 0 0 0 0 0 0 0 
Carried out 851 GCs
Carried out 19 GCs
Generation 1
0 0 0 0 0 0 0 0 
0 0 0 0 0 0 0 0 
0 0 0 0 0 0 0 0 
0 0 0 0 0 0 0 0 
0 0 0 0 0 0 0 0 
0 0 0 0 0 0 0 0 
0 0 0 0 0 0 0 0 
1174 481 305 1527 5970 9702 13061 634300 
Generation 2
0 0 0 0 0 0 0 0 
0 0 0 0 0 0 0 0 
0 0 0 0 0 0 0 0 
0 0 0 0 0 0 0 0 
0 0 0 0 0 0 0 0 
0 0 0 0 0 0 0 0 
0 0 0 0 0 0 0 0 
17675 98403 81889 59470 136171 56890 132885 630733 
Generation 3
0 0 0 0 0 0 0 0 
0 0 0 0 0 0 0 0 
0 0 0 0 0 0 0 0 
0 0 0 0 0 0 0 0 
0 0 0 0 0 0 0 0 
0 0 0 0 0 0 0 0 
0 0 0 0 0 0 0 0 
105721 16778 37339 64312 39568 43175 58907 38235 
Carried out 16 GCs
Carried out 1 GCs
Generation 1
1735227 78738 150345 116802 76355 50935 62049 57482 
0 0 0 0 0 0 0 0 
0 0 0 0 0 0 0 0 
0 0 0 0 0 0 0 0 
0 0 0 0 0 0 0 0 
0 0 0 0 0 0 0 0 
0 0 0 0 0 0 0 0 
0 0 0 0 0 0 0 0 
Generation 2
2143996 150675 180264 90827 162865 61198 150465 71165 
0 0 0 0 0 0 0 0 
0 0 0 0 0 0 0 0 
0 0 0 0 0 0 0 0 
0 0 0 0 0 0 0 0 
0 0 0 0 0 0 0 0 
0 0 0 0 0 0 0 0 
0 0 0 0 0 0 0 0 
Generation 3
379474 20115 39431 68412 41021 46622 60837 39970 
0 0 0 0 0 0 0 0 
0 0 0 0 0 0 0 0 
0 0 0 0 0 0 0 0 
0 0 0 0 0 0 0 0 
0 0 0 0 0 0 0 0 
0 0 0 0 0 0 0 0 
0 0 0 0 0 0 0 0 
Carried out 6 GCs
Carried out 0 GCs
Generation 1
0 0 0 0 0 0 0 0 
47775 931481 44045 62868 60970 63416 72968 63123 
0 0 0 0 0 0 0 0 
0 0 0 0 0 0 0 0 
0 0 0 0 0 0 0 0 
0 0 0 0 0 0 0 0 
0 0 0 0 0 0 0 0 
0 0 0 0 0 0 0 0 
Generation 2
0 0 0 0 0 0 0 0 
51057 1276836 112595 107544 161227 75503 153743 59610 
0 0 0 0 0 0 0 0 
0 0 0 0 0 0 0 0 
0 0 0 0 0 0 0 0 
0 0 0 0 0 0 0 0 
0 0 0 0 0 0 0 0 
0 0 0 0 0 0 0 0 
Generation 3
0 0 0 0 0 0 0 0 
251926 18073 38446 65434 37669 44604 56676 38022 
0 0 0 0 0 0 0 0 
0 0 0 0 0 0 0 0 
0 0 0 0 0 0 0 0 
0 0 0 0 0 0 0 0 
0 0 0 0 0 0 0 0 
0 0 0 0 0 0 0 0 
Carried out 1923 GCs
Carried out 27 GCs
Generation 1
0 0 0 0 0 0 0 0 
0 0 0 0 0 0 0 0 
1032 119848 1018997 65492 88885 112553 90973 102527 
0 0 0 0 0 0 0 0 
0 0 0 0 0 0 0 0 
0 0 0 0 0 0 0 0 
0 0 0 0 0 0 0 0 
0 0 0 0 0 0 0 0 
Generation 2
0 0 0 0 0 0 0 0 
0 0 0 0 0 0 0 0 
58731 141644 1500663 126219 196907 77327 194253 83053 
0 0 0 0 0 0 0 0 
0 0 0 0 0 0 0 0 
0 0 0 0 0 0 0 0 
0 0 0 0 0 0 0 0 
0 0 0 0 0 0 0 0 
Generation 3
0 0 0 0 0 0 0 0 
0 0 0 0 0 0 0 0 
302907 21196 47517 79130 51662 59512 71766 43434 
0 0 0 0 0 0 0 0 
0 0 0 0 0 0 0 0 
0 0 0 0 0 0 0 0 
0 0 0 0 0 0 0 0 
0 0 0 0 0 0 0 0 
Carried out 132 GCs
Carried out 4 GCs
Generation 1
0 0 0 0 0 0 0 0 
0 0 0 0 0 0 0 0 
0 0 0 0 0 0 0 0 
1472 2191 158989 538341 33995 31529 29122 31601 
0 0 0 0 0 0 0 0 
0 0 0 0 0 0 0 0 
0 0 0 0 0 0 0 0 
0 0 0 0 0 0 0 0 
Generation 2
0 0 0 0 0 0 0 0 
0 0 0 0 0 0 0 0 
0 0 0 0 0 0 0 0 
23099 100792 106765 758089 144800 52687 137127 57580 
0 0 0 0 0 0 0 0 
0 0 0 0 0 0 0 0 
0 0 0 0 0 0 0 0 
0 0 0 0 0 0 0 0 
Generation 3
0 0 0 0 0 0 0 0 
0 0 0 0 0 0 0 0 
0 0 0 0 0 0 0 0 
142558 16227 35206 63745 34844 43306 53850 36718 
0 0 0 0 0 0 0 0 
0 0 0 0 0 0 0 0 
0 0 0 0 0 0 0 0 
0 0 0 0 0 0 0 0 
Carried out 6 GCs
Carried out 0 GCs
Generation 1
0 0 0 0 0 0 0 0 
0 0 0 0 0 0 0 0 
0 0 0 0 0 0 0 0 
0 0 0 0 0 0 0 0 
780 376 313 158 610965 3112 728 10470 
0 0 0 0 0 0 0 0 
0 0 0 0 0 0 0 0 
0 0 0 0 0 0 0 0 
Generation 2
0 0 0 0 0 0 0 0 
0 0 0 0 0 0 0 0 
0 0 0 0 0 0 0 0 
0 0 0 0 0 0 0 0 
15677 96834 99110 66281 669595 47590 128748 53232 
0 0 0 0 0 0 0 0 
0 0 0 0 0 0 0 0 
0 0 0 0 0 0 0 0 
Generation 3
0 0 0 0 0 0 0 0 
0 0 0 0 0 0 0 0 
0 0 0 0 0 0 0 0 
0 0 0 0 0 0 0 0 
85423 15656 35195 62953 32452 42484 51815 35851 
0 0 0 0 0 0 0 0 
0 0 0 0 0 0 0 0 
0 0 0 0 0 0 0 0 
Carried out 1535 GCs
Carried out 26 GCs
Generation 1
0 0 0 0 0 0 0 0 
0 0 0 0 0 0 0 0 
0 0 0 0 0 0 0 0 
0 0 0 0 0 0 0 0 
0 0 0 0 0 0 0 0 
288 503 844 12165 16689 771866 12287 35887 
0 0 0 0 0 0 0 0 
0 0 0 0 0 0 0 0 
Generation 2
0 0 0 0 0 0 0 0 
0 0 0 0 0 0 0 0 
0 0 0 0 0 0 0 0 
0 0 0 0 0 0 0 0 
0 0 0 0 0 0 0 0 
35618 107372 110254 73846 151560 956734 138160 66069 
0 0 0 0 0 0 0 0 
0 0 0 0 0 0 0 0 
Generation 3
0 0 0 0 0 0 0 0 
0 0 0 0 0 0 0 0 
0 0 0 0 0 0 0 0 
0 0 0 0 0 0 0 0 
0 0 0 0 0 0 0 0 
138794 18307 41784 76338 48731 52166 64341 41672 
0 0 0 0 0 0 0 0 
0 0 0 0 0 0 0 0 
Carried out 1690 GCs
Carried out 35 GCs
Generation 1
0 0 0 0 0 0 0 0 
0 0 0 0 0 0 0 0 
0 0 0 0 0 0 0 0 
0 0 0 0 0 0 0 0 
0 0 0 0 0 0 0 0 
0 0 0 0 0 0 0 0 
547 697 1146 20214 29620 43804 698855 48690 
0 0 0 0 0 0 0 0 
Generation 2
0 0 0 0 0 0 0 0 
0 0 0 0 0 0 0 0 
0 0 0 0 0 0 0 0 
0 0 0 0 0 0 0 0 
0 0 0 0 0 0 0 0 
0 0 0 0 0 0 0 0 
24469 110293 110833 78017 153066 59892 905354 65976 
0 0 0 0 0 0 0 0 
Generation 3
0 0 0 0 0 0 0 0 
0 0 0 0 0 0 0 0 
0 0 0 0 0 0 0 0 
0 0 0 0 0 0 0 0 
0 0 0 0 0 0 0 0 
0 0 0 0 0 0 0 0 
143040 18281 38616 68866 45008 48775 65704 39054 
0 0 0 0 0 0 0 0 
Carried out 1257 GCs
Carried out 16 GCs
Generation 1
0 0 0 0 0 0 0 0 
0 0 0 0 0 0 0 0 
0 0 0 0 0 0 0 0 
0 0 0 0 0 0 0 0 
0 0 0 0 0 0 0 0 
0 0 0 0 0 0 0 0 
0 0 0 0 0 0 0 0 
577 250 218 279 16150 38483 79383 598769 
Generation 2
0 0 0 0 0 0 0 0 
0 0 0 0 0 0 0 0 
0 0 0 0 0 0 0 0 
0 0 0 0 0 0 0 0 
0 0 0 0 0 0 0 0 
0 0 0 0 0 0 0 0 
0 0 0 0 0 0 0 0 
19024 101101 105749 69557 139048 60525 138729 707006 
Generation 3
0 0 0 0 0 0 0 0 
0 0 0 0 0 0 0 0 
0 0 0 0 0 0 0 0 
0 0 0 0 0 0 0 0 
0 0 0 0 0 0 0 0 
0 0 0 0 0 0 0 0 
0 0 0 0 0 0 0 0 
106261 17469 35909 65182 39144 45739 56081 37609 
Carried out 717 GCs
Carried out 12 GCs
Generation 1
1641857 105629 156999 160482 180372 148362 131631 453675 
0 0 0 0 0 0 0 0 
0 0 0 0 0 0 0 0 
0 0 0 0 0 0 0 0 
0 0 0 0 0 0 0 0 
0 0 0 0 0 0 0 0 
0 0 0 0 0 0 0 0 
0 0 0 0 0 0 0 0 
Generation 2
2467608 288927 227009 185211 234141 109653 202124 93876 
0 0 0 0 0 0 0 0 
0 0 0 0 0 0 0 0 
0 0 0 0 0 0 0 0 
0 0 0 0 0 0 0 0 
0 0 0 0 0 0 0 0 
0 0 0 0 0 0 0 0 
0 0 0 0 0 0 0 0 
Generation 3
676563 29718 51239 78240 65638 57696 82291 47648 
0 0 0 0 0 0 0 0 
0 0 0 0 0 0 0 0 
0 0 0 0 0 0 0 0 
0 0 0 0 0 0 0 0 
0 0 0 0 0 0 0 0 
0 0 0 0 0 0 0 0 
0 0 0 0 0 0 0 0 
Carried out 1724 GCs
Carried out 31 GCs
Generation 1
0 0 0 0 0 0 0 0 
32857 1698161 121992 182741 212007 180223 167742 153134 
0 0 0 0 0 0 0 0 
0 0 0 0 0 0 0 0 
0 0 0 0 0 0 0 0 
0 0 0 0 0 0 0 0 
0 0 0 0 0 0 0 0 
0 0 0 0 0 0 0 0 
Generation 2
0 0 0 0 0 0 0 0 
103722 2265695 219976 185928 245224 118021 213488 82794 
0 0 0 0 0 0 0 0 
0 0 0 0 0 0 0 0 
0 0 0 0 0 0 0 0 
0 0 0 0 0 0 0 0 
0 0 0 0 0 0 0 0 
0 0 0 0 0 0 0 0 
Generation 3
0 0 0 0 0 0 0 0 
507254 24491 48363 76498 54677 54174 73343 43936 
0 0 0 0 0 0 0 0 
0 0 0 0 0 0 0 0 
0 0 0 0 0 0 0 0 
0 0 0 0 0 0 0 0 
0 0 0 0 0 0 0 0 
0 0 0 0 0 0 0 0 
Carried out 1886 GCs
Carried out 35 GCs
Generation 1
0 0 0 0 0 0 0 0 
0 0 0 0 0 0 0 0 
299 5163 1095837 66971 87314 85855 81769 81315 
0 0 0 0 0 0 0 0 
0 0 0 0 0 0 0 0 
0 0 0 0 0 0 0 0 
0 0 0 0 0 0 0 0 
0 0 0 0 0 0 0 0 
Generation 2
0 0 0 0 0 0 0 0 
0 0 0 0 0 0 0 0 
41291 129036 1472706 108637 174710 73739 175444 76820 
0 0 0 0 0 0 0 0 
0 0 0 0 0 0 0 0 
0 0 0 0 0 0 0 0 
0 0 0 0 0 0 0 0 
0 0 0 0 0 0 0 0 
Generation 3
0 0 0 0 0 0 0 0 
0 0 0 0 0 0 0 0 
274884 21012 46822 74726 53038 50463 68515 43762 
0 0 0 0 0 0 0 0 
0 0 0 0 0 0 0 0 
0 0 0 0 0 0 0 0 
0 0 0 0 0 0 0 0 
0 0 0 0 0 0 0 0 
Carried out 1538 GCs
Carried out 31 GCs
Generation 1
0 0 0 0 0 0 0 0 
0 0 0 0 0 0 0 0 
0 0 0 0 0 0 0 0 
492 359 17691 880025 54218 72351 46587 78604 
0 0 0 0 0 0 0 0 
0 0 0 0 0 0 0 0 
0 0 0 0 0 0 0 0 
0 0 0 0 0 0 0 0 
Generation 2
0 0 0 0 0 0 0 0 
0 0 0 0 0 0 0 0 
0 0 0 0 0 0 0 0 
30653 117898 128885 1121223 162578 64920 155243 70493 
0 0 0 0 0 0 0 0 
0 0 0 0 0 0 0 0 
0 0 0 0 0 0 0 0 
0 0 0 0 0 0 0 0 
Generation 3
0 0 0 0 0 0 0 0 
0 0 0 0 0 0 0 0 
0 0 0 0 0 0 0 0 
212574 18946 43198 72659 47180 48913 63945 41074 
0 0 0 0 0 0 0 0 
0 0 0 0 0 0 0 0 
0 0 0 0 0 0 0 0 
0 0 0 0 0 0 0 0 
Carried out 2355 GCs
Carried out 29 GCs
Generation 1
0 0 0 0 0 0 0 0 
0 0 0 0 0 0 0 0 
0 0 0 0 0 0 0 0 
0 0 0 0 0 0 0 0 
1414 2083 3605 80304 771593 87118 60222 69506 
0 0 0 0 0 0 0 0 
0 0 0 0 0 0 0 0 
0 0 0 0 0 0 0 0 
Generation 2
0 0 0 0 0 0 0 0 
0 0 0 0 0 0 0 0 
0 0 0 0 0 0 0 0 
0 0 0 0 0 0 0 0 
29679 123015 119422 77939 1034936 66825 141052 64329 
0 0 0 0 0 0 0 0 
0 0 0 0 0 0 0 0 
0 0 0 0 0 0 0 0 
Generation 3
0 0 0 0 0 0 0 0 
0 0 0 0 0 0 0 0 
0 0 0 0 0 0 0 0 
0 0 0 0 0 0 0 0 
197814 19381 40178 67988 49415 49643 65455 39473 
0 0 0 0 0 0 0 0 
0 0 0 0 0 0 0 0 
0 0 0 0 0 0 0 0 
Carried out 1679 GCs
Carried out 22 GCs
Generation 1
0 0 0 0 0 0 0 0 
0 0 0 0 0 0 0 0 
0 0 0 0 0 0 0 0 
0 0 0 0 0 0 0 0 
0 0 0 0 0 0 0 0 
285 144 446 12767 112595 616939 17224 38805 
0 0 0 0 0 0 0 0 
0 0 0 0 0 0 0 0 
Generation 2
0 0 0 0 0 0 0 0 
0 0 0 0 0 0 0 0 
0 0 0 0 0 0 0 0 
0 0 0 0 0 0 0 0 
0 0 0 0 0 0 0 0 
21925 105652 107809 74946 150868 768779 138214 65562 
0 0 0 0 0 0 0 0 
0 0 0 0 0 0 0 0 
Generation 3
0 0 0 0 0 0 0 0 
0 0 0 0 0 0 0 0 
0 0 0 0 0 0 0 0 
0 0 0 0 0 0 0 0 
0 0 0 0 0 0 0 0 
132245 18093 39794 67507 46093 47431 61322 40028 
0 0 0 0 0 0 0 0 
0 0 0 0 0 0 0 0 
Carried out 1734 GCs
Carried out 23 GCs
Generation 1
0 0 0 0 0 0 0 0 
0 0 0 0 0 0 0 0 
0 0 0 0 0 0 0 0 
0 0 0 0 0 0 0 0 
0 0 0 0 0 0 0 0 
0 0 0 0 0 0 0 0 
892 343 566 26276 61049 176440 540454 43220 
0 0 0 0 0 0 0 0 
Generation 2
0 0 0 0 0 0 0 0 
0 0 0 0 0 0 0 0 
0 0 0 0 0 0 0 0 
0 0 0 0 0 0 0 0 
0 0 0 0 0 0 0 0 
0 0 0 0 0 0 0 0 
22913 104620 107302 73401 150953 62481 873438 62807 
0 0 0 0 0 0 0 0 
Generation 3
0 0 0 0 0 0 0 0 
0 0 0 0 0 0 0 0 
0 0 0 0 0 0 0 0 
0 0 0 0 0 0 0 0 
0 0 0 0 0 0 0 0 
0 0 0 0 0 0 0 0 
143372 18415 39258 68039 44192 47111 63757 39245 
0 0 0 0 0 0 0 0 
Carried out 1292 GCs
Carried out 28 GCs
Generation 1
0 0 0 0 0 0 0 0 
0 0 0 0 0 0 0 0 
0 0 0 0 0 0 0 0 
0 0 0 0 0 0 0 0 
0 0 0 0 0 0 0 0 
0 0 0 0 0 0 0 0 
0 0 0 0 0 0 0 0 
713 276 224 260 6585 27321 13773 628487 
Generation 2
0 0 0 0 0 0 0 0 
0 0 0 0 0 0 0 0 
0 0 0 0 0 0 0 0 
0 0 0 0 0 0 0 0 
0 0 0 0 0 0 0 0 
0 0 0 0 0 0 0 0 
0 0 0 0 0 0 0 0 
20236 101185 105927 68515 139903 57408 135773 633865 
Generation 3
0 0 0 0 0 0 0 0 
0 0 0 0 0 0 0 0 
0 0 0 0 0 0 0 0 
0 0 0 0 0 0 0 0 
0 0 0 0 0 0 0 0 
0 0 0 0 0 0 0 0 
0 0 0 0 0 0 0 0 
103088 17741 37736 66460 42737 45616 60095 38096 
