tak 35 20 8 = 20
Carried out 2503 GCs
Carried out 288 GCs
Generation 1
1051867 148149 169987 146307 123963 157380 139047 150683 
1 1 0 0 0 0 0 0 
2 0 0 0 0 0 0 0 
7 0 0 0 0 0 0 0 
0 0 0 0 0 0 0 0 
0 0 0 0 0 0 0 0 
0 0 8 0 0 0 0 1 
1 0 0 0 0 0 0 0 
Generation 2
1053167 257410 271966 162650 159318 176255 162174 150190 
0 0 0 0 0 0 0 0 
0 0 0 0 0 0 0 0 
0 0 0 0 0 0 0 0 
0 0 0 0 0 0 0 0 
0 0 0 0 0 0 0 0 
8 0 0 0 0 0 3 0 
0 0 0 0 0 0 0 0 
Generation 3
1333816 92441 104959 201099 75836 156058 191322 128575 
0 0 0 0 0 0 0 0 
0 0 0 0 0 0 0 0 
0 0 0 0 0 0 0 0 
0 0 0 0 0 0 0 0 
0 0 0 0 0 0 0 0 
1 0 0 0 0 0 0 0 
0 0 0 0 0 0 0 0 
Carried out 2086 GCs
Carried out 265 GCs
Generation 1
0 0 0 0 0 0 0 0 
38281 1153003 33685 24473 22746 21134 19279 26502 
0 0 0 0 0 0 0 0 
0 0 0 0 0 0 0 0 
0 0 0 0 0 0 0 0 
0 0 0 0 0 0 0 0 
0 0 0 0 0 0 0 0 
0 0 0 0 0 0 0 0 
Generation 2
0 0 0 0 0 0 0 0 
101834 966290 73978 42613 42530 59317 51001 71341 
0 0 0 0 0 0 0 0 
0 0 0 0 0 0 0 0 
0 0 0 0 0 0 0 0 
0 0 0 0 0 0 0 0 
0 0 0 0 0 0 0 0 
0 0 0 0 0 0 0 0 
Generation 3
0 0 0 0 0 0 0 0 
230254 177171 84303 154905 71816 115926 158404 101498 
0 0 0 0 0 0 0 0 
0 0 0 0 0 0 0 0 
0 0 0 0 0 0 0 0 
0 0 0 0 0 0 0 0 
0 0 0 0 0 0 0 0 
0 0 0 0 0 0 0 0 
Carried out 2739 GCs
Carried out 308 GCs
Generation 1
0 0 0 0 0 0 0 0 
0 0 0 0 0 0 0 0 
35468 55287 1020957 60176 78103 74756 68462 54308 
0 0 0 0 0 0 0 0 
0 0 0 0 0 0 0 0 
0 0 0 0 0 0 0 0 
0 0 0 0 0 0 0 0 
0 0 0 0 0 0 0 0 
Generation 2
0 0 0 0 0 0 0 0 
0 0 0 0 0 0 0 0 
161897 112163 758687 87637 80501 115837 100973 104652 
0 0 0 0 0 0 0 0 
0 0 0 0 0 0 0 0 
0 0 0 0 0 0 0 0 
0 0 0 0 0 0 0 0 
0 0 0 0 0 0 0 0 
Generation 3
0 0 0 0 0 0 0 0 
0 0 0 0 0 0 0 0 
446972 51777 63013 121135 51043 83525 118337 80570 
0 0 0 0 0 0 0 0 
0 0 0 0 0 0 0 0 
0 0 0 0 0 0 0 0 
0 0 0 0 0 0 0 0 
0 0 0 0 0 0 0 0 
Carried out 1991 GCs
Carried out 312 GCs
Generation 1
0 0 0 0 0 0 0 0 
0 0 0 0 0 0 0 0 
0 0 0 0 0 0 0 0 
20822 17980 18873 837937 16990 13850 12399 11739 
0 0 0 0 0 0 0 0 
0 0 0 0 0 0 0 0 
0 0 0 0 0 0 0 0 
0 0 0 0 0 0 0 0 
Generation 2
0 0 0 0 0 0 0 0 
0 0 0 0 0 0 0 0 
0 0 0 0 0 0 0 0 
76797 60651 67424 680283 36728 49533 49719 58924 
0 0 0 0 0 0 0 0 
0 0 0 0 0 0 0 0 
0 0 0 0 0 0 0 0 
0 0 0 0 0 0 0 0 
Generation 3
0 0 0 0 0 0 0 0 
0 0 0 0 0 0 0 0 
0 0 0 0 0 0 0 0 
112988 37996 47523 85086 40668 57671 86697 59010 
0 0 0 0 0 0 0 0 
0 0 0 0 0 0 0 0 
0 0 0 0 0 0 0 0 
0 0 0 0 0 0 0 0 
Carried out 2095 GCs
Carried out 285 GCs
Generation 1
0 0 0 0 0 0 0 0 
0 0 0 0 0 0 0 0 
0 0 0 0 0 0 0 0 
0 0 0 0 0 0 0 0 
18528 15696 16703 11008 876889 13653 12221 12437 
0 0 0 0 0 0 0 0 
0 0 0 0 0 0 0 0 
0 0 0 0 0 0 0 0 
Generation 2
0 0 0 0 0 0 0 0 
0 0 0 0 0 0 0 0 
0 0 0 0 0 0 0 0 
0 0 0 0 0 0 0 0 
81294 60311 69916 28083 691375 58704 49170 64366 
0 0 0 0 0 0 0 0 
0 0 0 0 0 0 0 0 
0 0 0 0 0 0 0 0 
Generation 3
0 0 0 0 0 0 0 0 
0 0 0 0 0 0 0 0 
0 0 0 0 0 0 0 0 
0 0 0 0 0 0 0 0 
107595 36889 45010 84774 39139 55221 84695 57967 
0 0 0 0 0 0 0 0 
0 0 0 0 0 0 0 0 
0 0 0 0 0 0 0 0 
Carried out 1981 GCs
Carried out 300 GCs
Generation 1
0 0 0 0 0 0 0 0 
0 0 0 0 0 0 0 0 
0 0 0 0 0 0 0 0 
0 0 0 0 0 0 0 0 
0 0 0 0 0 0 0 0 
16167 14781 15746 10154 14196 891858 12227 11492 
0 0 0 0 0 0 0 0 
0 0 0 0 0 0 0 0 
Generation 2
0 0 0 0 0 0 0 0 
0 0 0 0 0 0 0 0 
0 0 0 0 0 0 0 0 
0 0 0 0 0 0 0 0 
0 0 0 0 0 0 0 0 
76259 65100 82192 29302 38052 690094 56772 68248 
0 0 0 0 0 0 0 0 
0 0 0 0 0 0 0 0 
Generation 3
0 0 0 0 0 0 0 0 
0 0 0 0 0 0 0 0 
0 0 0 0 0 0 0 0 
0 0 0 0 0 0 0 0 
0 0 0 0 0 0 0 0 
107445 37245 44256 80091 36480 55204 81925 57649 
0 0 0 0 0 0 0 0 
0 0 0 0 0 0 0 0 
Carried out 2350 GCs
Carried out 298 GCs
Generation 1
0 0 0 0 0 0 0 0 
0 0 0 0 0 0 0 0 
0 0 0 0 0 0 0 0 
0 0 0 0 0 0 0 0 
0 0 0 0 0 0 0 0 
0 0 0 0 0 0 0 0 
18551 15183 19688 16765 28557 17511 959050 15401 
0 0 0 0 0 0 0 0 
Generation 2
0 0 0 0 0 0 0 0 
0 0 0 0 0 0 0 0 
0 0 0 0 0 0 0 0 
0 0 0 0 0 0 0 0 
0 0 0 0 0 0 0 0 
0 0 0 0 0 0 0 0 
115935 80655 85279 38131 48151 84929 689052 83213 
0 0 0 0 0 0 0 0 
Generation 3
0 0 0 0 0 0 0 0 
0 0 0 0 0 0 0 0 
0 0 0 0 0 0 0 0 
0 0 0 0 0 0 0 0 
0 0 0 0 0 0 0 0 
0 0 0 0 0 0 0 0 
144229 35984 47879 88259 38569 58924 86333 59247 
0 0 0 0 0 0 0 0 
Carried out 2318 GCs
Carried out 296 GCs
Generation 1
0 0 0 0 0 0 0 0 
0 0 0 0 0 0 0 0 
0 0 0 0 0 0 0 0 
0 0 0 0 0 0 0 0 
0 0 0 0 0 0 0 0 
0 0 0 0 0 0 0 0 
0 0 0 0 0 0 0 0 
16411 14828 16327 12332 20182 14143 13745 887003 
Generation 2
0 0 0 0 0 0 0 0 
0 0 0 0 0 0 0 0 
0 0 0 0 0 0 0 0 
0 0 0 0 0 0 0 0 
0 0 0 0 0 0 0 0 
0 0 0 0 0 0 0 0 
0 0 0 0 0 0 0 0 
100430 76394 87137 34015 44841 82169 61054 651737 
Generation 3
0 0 0 0 0 0 0 0 
0 0 0 0 0 0 0 0 
0 0 0 0 0 0 0 0 
0 0 0 0 0 0 0 0 
0 0 0 0 0 0 0 0 
0 0 0 0 0 0 0 0 
0 0 0 0 0 0 0 0 
134363 35979 44894 85254 37150 61256 83079 58845 
Carried out 1849 GCs
Carried out 285 GCs
Generation 1
962845 51622 47861 48824 37371 51822 37771 34314 
0 0 0 0 0 0 0 0 
0 0 0 0 0 0 0 0 
0 0 0 0 0 0 0 0 
0 0 0 0 0 0 0 0 
0 0 0 0 0 0 0 0 
0 0 0 0 0 0 0 0 
0 0 0 0 0 0 0 0 
Generation 2
823621 127938 119220 70873 59420 112837 80708 105589 
0 0 0 0 0 0 0 0 
0 0 0 0 0 0 0 0 
0 0 0 0 0 0 0 0 
0 0 0 0 0 0 0 0 
0 0 0 0 0 0 0 0 
0 0 0 0 0 0 0 0 
0 0 0 0 0 0 0 0 
Generation 3
415584 44109 53958 113312 45177 71724 106324 73029 
0 0 0 0 0 0 0 0 
0 0 0 0 0 0 0 0 
0 0 0 0 0 0 0 0 
0 0 0 0 0 0 0 0 
0 0 0 0 0 0 0 0 
0 0 0 0 0 0 0 0 
0 0 0 0 0 0 0 0 
Carried out 2430 GCs
Carried out 290 GCs
Generation 1
0 0 0 0 0 0 0 0 
32966 1004702 78957 68540 62301 83169 64012 64948 
0 0 0 0 0 0 0 0 
0 0 0 0 0 0 0 0 
0 0 0 0 0 0 0 0 
0 0 0 0 0 0 0 0 
0 0 0 0 0 0 0 0 
0 0 0 0 0 0 0 0 
Generation 2
0 0 0 0 0 0 0 0 
221945 784794 177742 98566 100512 156858 107205 145020 
0 0 0 0 0 0 0 0 
0 0 0 0 0 0 0 0 
0 0 0 0 0 0 0 0 
0 0 0 0 0 0 0 0 
0 0 0 0 0 0 0 0 
0 0 0 0 0 0 0 0 
Generation 3
0 0 0 0 0 0 0 0 
609524 45218 60789 122935 44737 86278 114878 75020 
0 0 0 0 0 0 0 0 
0 0 0 0 0 0 0 0 
0 0 0 0 0 0 0 0 
0 0 0 0 0 0 0 0 
0 0 0 0 0 0 0 0 
0 0 0 0 0 0 0 0 
Carried out 2510 GCs
Carried out 269 GCs
Generation 1
0 0 0 0 0 0 0 0 
0 0 0 0 0 0 0 0 
27336 32126 942190 43701 69445 62421 68485 59240 
0 0 0 0 0 0 0 0 
0 0 0 0 0 0 0 0 
0 0 0 0 0 0 0 0 
0 0 0 0 0 0 0 0 
0 0 0 0 0 0 0 0 
Generation 2
0 0 0 0 0 0 0 0 
0 0 0 0 0 0 0 0 
166010 120402 683526 73549 85013 133117 112353 107556 
0 0 0 0 0 0 0 0 
0 0 0 0 0 0 0 0 
0 0 0 0 0 0 0 0 
0 0 0 0 0 0 0 0 
0 0 0 0 0 0 0 0 
Generation 3
0 0 0 0 0 0 0 0 
0 0 0 0 0 0 0 0 
432256 37597 52617 103144 41469 74167 98292 66635 
0 0 0 0 0 0 0 0 
0 0 0 0 0 0 0 0 
0 0 0 0 0 0 0 0 
0 0 0 0 0 0 0 0 
0 0 0 0 0 0 0 0 
Carried out 1646 GCs
Carried out 244 GCs
Generation 1
0 0 0 0 0 0 0 0 
0 0 0 0 0 0 0 0 
0 0 0 0 0 0 0 0 
14735 13891 12731 840247 17224 10786 10755 10430 
0 0 0 0 0 0 0 0 
0 0 0 0 0 0 0 0 
0 0 0 0 0 0 0 0 
0 0 0 0 0 0 0 0 
Generation 2
0 0 0 0 0 0 0 0 
0 0 0 0 0 0 0 0 
0 0 0 0 0 0 0 0 
104310 78498 93588 586348 42424 81875 64040 83525 
0 0 0 0 0 0 0 0 
0 0 0 0 0 0 0 0 
0 0 0 0 0 0 0 0 
0 0 0 0 0 0 0 0 
Generation 3
0 0 0 0 0 0 0 0 
0 0 0 0 0 0 0 0 
0 0 0 0 0 0 0 0 
114875 31240 40984 75385 33871 49866 76214 51833 
0 0 0 0 0 0 0 0 
0 0 0 0 0 0 0 0 
0 0 0 0 0 0 0 0 
0 0 0 0 0 0 0 0 
Carried out 2131 GCs
Carried out 255 GCs
Generation 1
0 0 0 0 0 0 0 0 
0 0 0 0 0 0 0 0 
0 0 0 0 0 0 0 0 
0 0 0 0 0 0 0 0 
17222 14972 20543 24935 891542 21713 27899 28895 
0 0 0 0 0 0 0 0 
0 0 0 0 0 0 0 0 
0 0 0 0 0 0 0 0 
Generation 2
0 0 0 0 0 0 0 0 
0 0 0 0 0 0 0 0 
0 0 0 0 0 0 0 0 
0 0 0 0 0 0 0 0 
121176 85674 109115 42421 646561 96605 74508 96261 
0 0 0 0 0 0 0 0 
0 0 0 0 0 0 0 0 
0 0 0 0 0 0 0 0 
Generation 3
0 0 0 0 0 0 0 0 
0 0 0 0 0 0 0 0 
0 0 0 0 0 0 0 0 
0 0 0 0 0 0 0 0 
201150 35497 45891 88714 36729 59359 84750 58120 
0 0 0 0 0 0 0 0 
0 0 0 0 0 0 0 0 
0 0 0 0 0 0 0 0 
Carried out 2075 GCs
Carried out 253 GCs
Generation 1
0 0 0 0 0 0 0 0 
0 0 0 0 0 0 0 0 
0 0 0 0 0 0 0 0 
0 0 0 0 0 0 0 0 
0 0 0 0 0 0 0 0 
14272 12781 17615 21690 25117 890552 19522 23814 
0 0 0 0 0 0 0 0 
0 0 0 0 0 0 0 0 
Generation 2
0 0 0 0 0 0 0 0 
0 0 0 0 0 0 0 0 
0 0 0 0 0 0 0 0 
0 0 0 0 0 0 0 0 
0 0 0 0 0 0 0 0 
120607 92642 106118 46118 59663 776029 77532 97950 
0 0 0 0 0 0 0 0 
0 0 0 0 0 0 0 0 
Generation 3
0 0 0 0 0 0 0 0 
0 0 0 0 0 0 0 0 
0 0 0 0 0 0 0 0 
0 0 0 0 0 0 0 0 
0 0 0 0 0 0 0 0 
194426 33290 43973 83740 34252 61359 79852 55802 
0 0 0 0 0 0 0 0 
0 0 0 0 0 0 0 0 
Carried out 1594 GCs
Carried out 217 GCs
Generation 1
0 0 0 0 0 0 0 0 
0 0 0 0 0 0 0 0 
0 0 0 0 0 0 0 0 
0 0 0 0 0 0 0 0 
0 0 0 0 0 0 0 0 
0 0 0 0 0 0 0 0 
9938 9968 9804 6367 8360 7637 887387 8326 
0 0 0 0 0 0 0 0 
Generation 2
0 0 0 0 0 0 0 0 
0 0 0 0 0 0 0 0 
0 0 0 0 0 0 0 0 
0 0 0 0 0 0 0 0 
0 0 0 0 0 0 0 0 
0 0 0 0 0 0 0 0 
98993 83513 98641 31868 42706 88649 583900 84156 
0 0 0 0 0 0 0 0 
Generation 3
0 0 0 0 0 0 0 0 
0 0 0 0 0 0 0 0 
0 0 0 0 0 0 0 0 
0 0 0 0 0 0 0 0 
0 0 0 0 0 0 0 0 
0 0 0 0 0 0 0 0 
97977 28702 37678 70804 31508 47064 72062 47678 
0 0 0 0 0 0 0 0 
Carried out 2014 GCs
Carried out 252 GCs
Generation 1
0 0 0 0 0 0 0 0 
0 0 0 0 0 0 0 0 
0 0 0 0 0 0 0 0 
0 0 0 0 0 0 0 0 
0 0 0 0 0 0 0 0 
0 0 0 0 0 0 0 0 
0 0 0 0 0 0 0 0 
11960 11503 11885 8526 14434 10535 15492 1021954 
Generation 2
0 0 0 0 0 0 0 0 
0 0 0 0 0 0 0 0 
0 0 0 0 0 0 0 0 
0 0 0 0 0 0 0 0 
0 0 0 0 0 0 0 0 
0 0 0 0 0 0 0 0 
0 0 0 0 0 0 0 0 
119057 94320 114829 34004 51635 110182 84307 766062 
Generation 3
0 0 0 0 0 0 0 0 
0 0 0 0 0 0 0 0 
0 0 0 0 0 0 0 0 
0 0 0 0 0 0 0 0 
0 0 0 0 0 0 0 0 
0 0 0 0 0 0 0 0 
0 0 0 0 0 0 0 0 
129132 33477 43235 82982 35452 58092 80947 57592 
Carried out 2099 GCs
Carried out 227 GCs
Generation 1
991839 127358 163582 101670 117733 131712 109285 128557 
31 14 12 12 13 10 12 10 
0 0 0 0 0 0 0 0 
0 0 0 0 0 0 0 0 
0 0 0 0 0 0 0 0 
11 0 2 2 5 3 4 2 
26 37 27 34 34 36 11 10 
1 1 0 0 0 0 0 0 
Generation 2
1006931 265418 344057 143475 150502 206567 167038 185660 
1565 632 688 464 684 424 2133 369 
0 0 0 0 0 0 0 0 
0 0 0 0 0 0 0 0 
0 0 0 0 0 0 0 0 
637 321 442 340 421 448 1446 172 
211 212 245 161 157 141 609 80 
231 19 26 1 8 107 191 114 
Generation 3
1261920 55594 74927 160560 54044 121155 146170 89222 
2607 1514 0 12 0 4679 8 0 
0 0 0 0 0 0 0 0 
0 0 0 0 0 0 0 0 
0 0 0 0 0 0 0 0 
2660 15 0 0 0 1876 0 0 
2292 21 0 0 0 207 0 0 
136 0 0 0 0 632 0 0 
Carried out 2020 GCs
Carried out 236 GCs
Generation 1
0 0 0 0 0 0 0 0 
27295 945790 75649 56796 77492 75558 70890 60869 
0 0 0 0 0 0 0 0 
0 0 0 0 0 0 0 0 
0 0 0 0 0 0 0 0 
0 0 0 0 0 0 0 0 
0 0 0 0 0 0 0 0 
0 0 0 0 0 0 0 0 
Generation 2
0 0 0 0 0 0 0 0 
223523 778764 184385 79906 105236 158378 123113 135028 
0 0 0 0 0 0 0 0 
0 0 0 0 0 0 0 0 
0 0 0 0 0 0 0 0 
0 0 0 0 0 0 0 0 
0 0 0 0 0 0 0 0 
0 0 0 0 0 0 0 0 
Generation 3
0 0 0 0 0 0 0 0 
605462 38815 54516 107178 41269 78699 100442 68806 
0 0 0 0 0 0 0 0 
0 0 0 0 0 0 0 0 
0 0 0 0 0 0 0 0 
0 0 0 0 0 0 0 0 
0 0 0 0 0 0 0 0 
0 0 0 0 0 0 0 0 
Carried out 2381 GCs
Carried out 246 GCs
Generation 1
0 0 0 0 0 0 0 0 
0 0 0 0 0 0 0 0 
16819 22138 934091 37154 60048 67827 47157 43022 
0 0 0 0 0 0 0 0 
0 0 0 0 0 0 0 0 
0 0 0 0 0 0 0 0 
0 0 0 0 0 0 0 0 
0 0 0 0 0 0 0 0 
Generation 2
0 0 0 0 0 0 0 0 
0 0 0 0 0 0 0 0 
171049 122919 855512 67222 73909 151968 103648 119688 
0 0 0 0 0 0 0 0 
0 0 0 0 0 0 0 0 
0 0 0 0 0 0 0 0 
0 0 0 0 0 0 0 0 
0 0 0 0 0 0 0 0 
Generation 3
0 0 0 0 0 0 0 0 
0 0 0 0 0 0 0 0 
442628 34842 49516 97933 36327 75876 93717 62984 
0 0 0 0 0 0 0 0 
0 0 0 0 0 0 0 0 
0 0 0 0 0 0 0 0 
0 0 0 0 0 0 0 0 
0 0 0 0 0 0 0 0 
Carried out 1745 GCs
Carried out 235 GCs
Generation 1
0 0 0 0 0 0 0 0 
0 0 0 0 0 0 0 0 
0 0 0 0 0 0 0 0 
14341 13321 21951 846849 25268 25962 24311 26921 
0 0 0 0 0 0 0 0 
0 0 0 0 0 0 0 0 
0 0 0 0 0 0 0 0 
0 0 0 0 0 0 0 0 
Generation 2
0 0 0 0 0 0 0 0 
0 0 0 0 0 0 0 0 
0 0 0 0 0 0 0 0 
127161 98500 120431 642118 58785 113975 85011 106496 
0 0 0 0 0 0 0 0 
0 0 0 0 0 0 0 0 
0 0 0 0 0 0 0 0 
0 0 0 0 0 0 0 0 
Generation 3
0 0 0 0 0 0 0 0 
0 0 0 0 0 0 0 0 
0 0 0 0 0 0 0 0 
232983 29992 41292 82220 34756 61178 81823 53686 
0 0 0 0 0 0 0 0 
0 0 0 0 0 0 0 0 
0 0 0 0 0 0 0 0 
0 0 0 0 0 0 0 0 
Carried out 1839 GCs
Carried out 254 GCs
Generation 1
0 0 0 0 0 0 0 0 
0 0 0 0 0 0 0 0 
0 0 0 0 0 0 0 0 
0 0 0 0 0 0 0 0 
12284 10890 24928 17389 951340 12988 25757 24166 
0 0 0 0 0 0 0 0 
0 0 0 0 0 0 0 0 
0 0 0 0 0 0 0 0 
Generation 2
0 0 0 0 0 0 0 0 
0 0 0 0 0 0 0 0 
0 0 0 0 0 0 0 0 
0 0 0 0 0 0 0 0 
109036 88318 111766 51778 589611 104437 83511 100178 
0 0 0 0 0 0 0 0 
0 0 0 0 0 0 0 0 
0 0 0 0 0 0 0 0 
Generation 3
0 0 0 0 0 0 0 0 
0 0 0 0 0 0 0 0 
0 0 0 0 0 0 0 0 
0 0 0 0 0 0 0 0 
191936 29759 41889 78468 35237 57345 79736 51504 
0 0 0 0 0 0 0 0 
0 0 0 0 0 0 0 0 
0 0 0 0 0 0 0 0 
Carried out 1868 GCs
Carried out 205 GCs
Generation 1
0 0 0 0 0 0 0 0 
0 0 0 0 0 0 0 0 
0 0 0 0 0 0 0 0 
0 0 0 0 0 0 0 0 
0 0 0 0 0 0 0 0 
10904 9049 11419 13876 24202 854861 20583 15108 
0 0 0 0 0 0 0 0 
0 0 0 0 0 0 0 0 
Generation 2
0 0 0 0 0 0 0 0 
0 0 0 0 0 0 0 0 
0 0 0 0 0 0 0 0 
0 0 0 0 0 0 0 0 
0 0 0 0 0 0 0 0 
124948 91424 110243 52927 53950 860848 84679 93292 
0 0 0 0 0 0 0 0 
0 0 0 0 0 0 0 0 
Generation 3
0 0 0 0 0 0 0 0 
0 0 0 0 0 0 0 0 
0 0 0 0 0 0 0 0 
0 0 0 0 0 0 0 0 
0 0 0 0 0 0 0 0 
178840 29257 40599 77206 32995 59593 77424 51552 
0 0 0 0 0 0 0 0 
0 0 0 0 0 0 0 0 
Carried out 1839 GCs
Carried out 203 GCs
Generation 1
0 0 0 0 0 0 0 0 
0 0 0 0 0 0 0 0 
0 0 0 0 0 0 0 0 
0 0 0 0 0 0 0 0 
0 0 0 0 0 0 0 0 
0 0 0 0 0 0 0 0 
9615 8028 10107 10668 12266 12465 902746 11352 
0 0 0 0 0 0 0 0 
Generation 2
0 0 0 0 0 0 0 0 
0 0 0 0 0 0 0 0 
0 0 0 0 0 0 0 0 
0 0 0 0 0 0 0 0 
0 0 0 0 0 0 0 0 
0 0 0 0 0 0 0 0 
113644 93219 108824 42719 53065 98943 621148 92028 
0 0 0 0 0 0 0 0 
Generation 3
0 0 0 0 0 0 0 0 
0 0 0 0 0 0 0 0 
0 0 0 0 0 0 0 0 
0 0 0 0 0 0 0 0 
0 0 0 0 0 0 0 0 
0 0 0 0 0 0 0 0 
137637 28198 39254 72916 31636 54738 73895 49803 
0 0 0 0 0 0 0 0 
Carried out 1805 GCs
Carried out 196 GCs
Generation 1
0 0 0 0 0 0 0 0 
0 0 0 0 0 0 0 0 
0 0 0 0 0 0 0 0 
0 0 0 0 0 0 0 0 
0 0 0 0 0 0 0 0 
0 0 0 0 0 0 0 0 
0 0 0 0 0 0 0 0 
9105 8358 11312 7392 13219 9676 9555 896087 
Generation 2
0 0 0 0 0 0 0 0 
0 0 0 0 0 0 0 0 
0 0 0 0 0 0 0 0 
0 0 0 0 0 0 0 0 
0 0 0 0 0 0 0 0 
0 0 0 0 0 0 0 0 
0 0 0 0 0 0 0 0 
114836 86174 100805 37827 46390 89383 82647 661161 
Generation 3
0 0 0 0 0 0 0 0 
0 0 0 0 0 0 0 0 
0 0 0 0 0 0 0 0 
0 0 0 0 0 0 0 0 
0 0 0 0 0 0 0 0 
0 0 0 0 0 0 0 0 
0 0 0 0 0 0 0 0 
124572 27961 38031 74158 30382 52287 73719 46664 
Carried out 1722 GCs
Carried out 213 GCs
Generation 1
951197 93296 146270 110056 88490 130415 129016 100895 
0 0 0 0 0 0 0 0 
0 0 0 0 0 0 0 0 
0 0 0 0 0 0 0 0 
0 0 0 0 0 0 0 0 
0 0 0 0 0 0 0 0 
0 0 0 0 0 0 0 0 
0 0 0 0 0 0 0 0 
Generation 2
981865 251036 286419 152485 131678 216955 173201 188041 
0 0 0 0 0 0 0 0 
0 0 0 0 0 0 0 0 
0 0 0 0 0 0 0 0 
0 0 0 0 0 0 0 0 
0 0 0 0 0 0 0 0 
0 0 0 0 0 0 0 0 
0 0 0 0 0 0 0 0 
Generation 3
1273071 52078 69017 144900 51012 114388 127732 84797 
0 0 0 0 0 0 0 0 
0 0 0 0 0 0 0 0 
0 0 0 0 0 0 0 0 
0 0 0 0 0 0 0 0 
0 0 0 0 0 0 0 0 
0 0 0 0 0 0 0 0 
0 0 0 0 0 0 0 0 
Carried out 1768 GCs
Carried out 183 GCs
Generation 1
0 0 0 0 0 0 0 0 
20674 951949 69834 53344 54129 67444 63861 77738 
0 0 0 0 0 0 0 0 
0 0 0 0 0 0 0 0 
0 0 0 0 0 0 0 0 
0 0 0 0 0 0 0 0 
0 0 0 0 0 0 0 0 
0 0 0 0 0 0 0 0 
Generation 2
0 0 0 0 0 0 0 0 
220714 757965 179337 87481 95103 156611 135394 126621 
0 0 0 0 0 0 0 0 
0 0 0 0 0 0 0 0 
0 0 0 0 0 0 0 0 
0 0 0 0 0 0 0 0 
0 0 0 0 0 0 0 0 
0 0 0 0 0 0 0 0 
Generation 3
0 0 0 0 0 0 0 0 
613608 36820 49353 96696 36673 77210 93128 59993 
0 0 0 0 0 0 0 0 
0 0 0 0 0 0 0 0 
0 0 0 0 0 0 0 0 
0 0 0 0 0 0 0 0 
0 0 0 0 0 0 0 0 
0 0 0 0 0 0 0 0 
Carried out 1899 GCs
Carried out 186 GCs
Generation 1
0 0 0 0 0 0 0 0 
0 0 0 0 0 0 0 0 
13102 18682 946435 33613 58717 58862 57899 48521 
0 0 0 0 0 0 0 0 
0 0 0 0 0 0 0 0 
0 0 0 0 0 0 0 0 
0 0 0 0 0 0 0 0 
0 0 0 0 0 0 0 0 
Generation 2
0 0 0 0 0 0 0 0 
0 0 0 0 0 0 0 0 
156668 112387 720301 70593 77564 154879 104303 125802 
0 0 0 0 0 0 0 0 
0 0 0 0 0 0 0 0 
0 0 0 0 0 0 0 0 
0 0 0 0 0 0 0 0 
0 0 0 0 0 0 0 0 
Generation 3
0 0 0 0 0 0 0 0 
0 0 0 0 0 0 0 0 
445910 31931 46247 90805 36452 70216 85738 54644 
0 0 0 0 0 0 0 0 
0 0 0 0 0 0 0 0 
0 0 0 0 0 0 0 0 
0 0 0 0 0 0 0 0 
0 0 0 0 0 0 0 0 
Carried out 1389 GCs
Carried out 170 GCs
Generation 1
0 0 0 0 0 0 0 0 
0 0 0 0 0 0 0 0 
0 0 0 0 0 0 0 0 
8550 8305 24288 966478 26276 24125 19595 20735 
0 0 0 0 0 0 0 0 
0 0 0 0 0 0 0 0 
0 0 0 0 0 0 0 0 
0 0 0 0 0 0 0 0 
Generation 2
0 0 0 0 0 0 0 0 
0 0 0 0 0 0 0 0 
0 0 0 0 0 0 0 0 
134487 103732 123210 691337 59395 125095 84105 104977 
0 0 0 0 0 0 0 0 
0 0 0 0 0 0 0 0 
0 0 0 0 0 0 0 0 
0 0 0 0 0 0 0 0 
Generation 3
0 0 0 0 0 0 0 0 
0 0 0 0 0 0 0 0 
0 0 0 0 0 0 0 0 
229228 28257 39201 74087 30592 51956 71356 46922 
0 0 0 0 0 0 0 0 
0 0 0 0 0 0 0 0 
0 0 0 0 0 0 0 0 
0 0 0 0 0 0 0 0 
Carried out 1618 GCs
Carried out 195 GCs
Generation 1
0 0 0 0 0 0 0 0 
0 0 0 0 0 0 0 0 
0 0 0 0 0 0 0 0 
0 0 0 0 0 0 0 0 
9259 8758 12447 17736 912360 14797 22238 21912 
0 0 0 0 0 0 0 0 
0 0 0 0 0 0 0 0 
0 0 0 0 0 0 0 0 
Generation 2
0 0 0 0 0 0 0 0 
0 0 0 0 0 0 0 0 
0 0 0 0 0 0 0 0 
0 0 0 0 0 0 0 0 
116491 88629 110927 46409 573720 102001 77284 93075 
0 0 0 0 0 0 0 0 
0 0 0 0 0 0 0 0 
0 0 0 0 0 0 0 0 
Generation 3
0 0 0 0 0 0 0 0 
0 0 0 0 0 0 0 0 
0 0 0 0 0 0 0 0 
0 0 0 0 0 0 0 0 
199750 26936 38283 74142 30528 54835 73971 48136 
0 0 0 0 0 0 0 0 
0 0 0 0 0 0 0 0 
0 0 0 0 0 0 0 0 
Carried out 1498 GCs
Carried out 184 GCs
Generation 1
0 0 0 0 0 0 0 0 
0 0 0 0 0 0 0 0 
0 0 0 0 0 0 0 0 
0 0 0 0 0 0 0 0 
0 0 0 0 0 0 0 0 
8819 7299 15086 17404 19000 932495 11749 19476 
0 0 0 0 0 0 0 0 
0 0 0 0 0 0 0 0 
Generation 2
0 0 0 0 0 0 0 0 
0 0 0 0 0 0 0 0 
0 0 0 0 0 0 0 0 
0 0 0 0 0 0 0 0 
0 0 0 0 0 0 0 0 
117721 99574 115672 45088 54431 679169 87811 104193 
0 0 0 0 0 0 0 0 
0 0 0 0 0 0 0 0 
Generation 3
0 0 0 0 0 0 0 0 
0 0 0 0 0 0 0 0 
0 0 0 0 0 0 0 0 
0 0 0 0 0 0 0 0 
0 0 0 0 0 0 0 0 
180735 25383 38760 71427 32006 55676 72808 47576 
0 0 0 0 0 0 0 0 
0 0 0 0 0 0 0 0 
Carried out 1411 GCs
Carried out 165 GCs
Generation 1
0 0 0 0 0 0 0 0 
0 0 0 0 0 0 0 0 
0 0 0 0 0 0 0 0 
0 0 0 0 0 0 0 0 
0 0 0 0 0 0 0 0 
0 0 0 0 0 0 0 0 
8710 6524 7324 10804 24730 11375 917386 7352 
0 0 0 0 0 0 0 0 
Generation 2
0 0 0 0 0 0 0 0 
0 0 0 0 0 0 0 0 
0 0 0 0 0 0 0 0 
0 0 0 0 0 0 0 0 
0 0 0 0 0 0 0 0 
0 0 0 0 0 0 0 0 
112693 92604 107551 30783 52162 95881 627328 93877 
0 0 0 0 0 0 0 0 
Generation 3
0 0 0 0 0 0 0 0 
0 0 0 0 0 0 0 0 
0 0 0 0 0 0 0 0 
0 0 0 0 0 0 0 0 
0 0 0 0 0 0 0 0 
0 0 0 0 0 0 0 0 
137703 27092 36924 67352 30696 51647 69575 44194 
0 0 0 0 0 0 0 0 
Carried out 1517 GCs
Carried out 169 GCs
Generation 1
0 0 0 0 0 0 0 0 
0 0 0 0 0 0 0 0 
0 0 0 0 0 0 0 0 
0 0 0 0 0 0 0 0 
0 0 0 0 0 0 0 0 
0 0 0 0 0 0 0 0 
0 0 0 0 0 0 0 0 
6118 5940 6350 5038 7336 6870 6822 863717 
Generation 2
0 0 0 0 0 0 0 0 
0 0 0 0 0 0 0 0 
0 0 0 0 0 0 0 0 
0 0 0 0 0 0 0 0 
0 0 0 0 0 0 0 0 
0 0 0 0 0 0 0 0 
0 0 0 0 0 0 0 0 
118901 89238 108777 40303 47451 100691 79284 763314 
Generation 3
0 0 0 0 0 0 0 0 
0 0 0 0 0 0 0 0 
0 0 0 0 0 0 0 0 
0 0 0 0 0 0 0 0 
0 0 0 0 0 0 0 0 
0 0 0 0 0 0 0 0 
0 0 0 0 0 0 0 0 
129627 25441 38118 69239 30536 54731 71208 44897 
Carried out 1513 GCs
Carried out 162 GCs
Generation 1
898255 99414 131073 96921 122514 149602 99008 98469 
0 0 0 0 0 0 0 0 
0 0 0 0 0 0 0 0 
0 0 0 0 0 0 0 0 
0 0 0 0 0 0 0 0 
0 0 0 0 0 0 0 0 
0 0 0 0 0 0 0 0 
0 0 0 0 0 0 0 0 
Generation 2
1211611 263333 311149 142529 142079 204087 163318 176704 
0 0 0 0 0 0 0 0 
0 0 0 0 0 0 0 0 
0 0 0 0 0 0 0 0 
0 0 0 0 0 0 0 0 
0 0 0 0 0 0 0 0 
0 0 0 0 0 0 0 0 
0 0 0 0 0 0 0 0 
Generation 3
1282965 45104 66835 136004 43710 113098 117542 76226 
0 0 0 0 0 0 0 0 
0 0 0 0 0 0 0 0 
0 0 0 0 0 0 0 0 
0 0 0 0 0 0 0 0 
0 0 0 0 0 0 0 0 
0 0 0 0 0 0 0 0 
0 0 0 0 0 0 0 0 
Carried out 1378 GCs
Carried out 145 GCs
Generation 1
0 0 0 0 0 0 0 0 
16186 952575 70386 54382 69694 76590 64531 60667 
0 0 0 0 0 0 0 0 
0 0 0 0 0 0 0 0 
0 0 0 0 0 0 0 0 
0 0 0 0 0 0 0 0 
0 0 0 0 0 0 0 0 
0 0 0 0 0 0 0 0 
Generation 2
0 0 0 0 0 0 0 0 
229304 750380 196327 97537 96658 150047 116669 128821 
0 0 0 0 0 0 0 0 
0 0 0 0 0 0 0 0 
0 0 0 0 0 0 0 0 
0 0 0 0 0 0 0 0 
0 0 0 0 0 0 0 0 
0 0 0 0 0 0 0 0 
Generation 3
0 0 0 0 0 0 0 0 
631826 31705 49421 88497 36833 74310 84657 55551 
0 0 0 0 0 0 0 0 
0 0 0 0 0 0 0 0 
0 0 0 0 0 0 0 0 
0 0 0 0 0 0 0 0 
0 0 0 0 0 0 0 0 
0 0 0 0 0 0 0 0 
Carried out 1713 GCs
Carried out 177 GCs
Generation 1
0 0 0 0 0 0 0 0 
0 0 0 0 0 0 0 0 
10493 16355 914689 41250 54228 53583 52481 41324 
0 0 0 0 0 0 0 0 
0 0 0 0 0 0 0 0 
0 0 0 0 0 0 0 0 
0 0 0 0 0 0 0 0 
0 0 0 0 0 0 0 0 
Generation 2
0 0 0 0 0 0 0 0 
0 0 0 0 0 0 0 0 
163299 121914 726751 66589 79309 139382 111461 115481 
0 0 0 0 0 0 0 0 
0 0 0 0 0 0 0 0 
0 0 0 0 0 0 0 0 
0 0 0 0 0 0 0 0 
0 0 0 0 0 0 0 0 
Generation 3
0 0 0 0 0 0 0 0 
0 0 0 0 0 0 0 0 
444529 29851 45838 87012 33755 68283 82006 54441 
0 0 0 0 0 0 0 0 
0 0 0 0 0 0 0 0 
0 0 0 0 0 0 0 0 
0 0 0 0 0 0 0 0 
0 0 0 0 0 0 0 0 
Carried out 1226 GCs
Carried out 164 GCs
Generation 1
0 0 0 0 0 0 0 0 
0 0 0 0 0 0 0 0 
0 0 0 0 0 0 0 0 
9337 8415 22186 894161 32366 27291 23797 26384 
0 0 0 0 0 0 0 0 
0 0 0 0 0 0 0 0 
0 0 0 0 0 0 0 0 
0 0 0 0 0 0 0 0 
Generation 2
0 0 0 0 0 0 0 0 
0 0 0 0 0 0 0 0 
0 0 0 0 0 0 0 0 
128422 95719 113547 591162 57149 111502 85645 99003 
0 0 0 0 0 0 0 0 
0 0 0 0 0 0 0 0 
0 0 0 0 0 0 0 0 
0 0 0 0 0 0 0 0 
Generation 3
0 0 0 0 0 0 0 0 
0 0 0 0 0 0 0 0 
0 0 0 0 0 0 0 0 
241381 25504 40556 68547 30588 55275 69225 46318 
0 0 0 0 0 0 0 0 
0 0 0 0 0 0 0 0 
0 0 0 0 0 0 0 0 
0 0 0 0 0 0 0 0 
Carried out 1421 GCs
Carried out 137 GCs
Generation 1
0 0 0 0 0 0 0 0 
0 0 0 0 0 0 0 0 
0 0 0 0 0 0 0 0 
0 0 0 0 0 0 0 0 
8458 6511 12929 15746 940949 15703 25659 19452 
0 0 0 0 0 0 0 0 
0 0 0 0 0 0 0 0 
0 0 0 0 0 0 0 0 
Generation 2
0 0 0 0 0 0 0 0 
0 0 0 0 0 0 0 0 
0 0 0 0 0 0 0 0 
0 0 0 0 0 0 0 0 
117561 97004 109471 52149 571246 93704 83866 103835 
0 0 0 0 0 0 0 0 
0 0 0 0 0 0 0 0 
0 0 0 0 0 0 0 0 
Generation 3
0 0 0 0 0 0 0 0 
0 0 0 0 0 0 0 0 
0 0 0 0 0 0 0 0 
0 0 0 0 0 0 0 0 
194545 26330 38906 70237 30323 52422 69682 43644 
0 0 0 0 0 0 0 0 
0 0 0 0 0 0 0 0 
0 0 0 0 0 0 0 0 
Carried out 1541 GCs
Carried out 149 GCs
Generation 1
0 0 0 0 0 0 0 0 
0 0 0 0 0 0 0 0 
0 0 0 0 0 0 0 0 
0 0 0 0 0 0 0 0 
0 0 0 0 0 0 0 0 
6367 8367 8336 14715 22444 916234 17626 21528 
0 0 0 0 0 0 0 0 
0 0 0 0 0 0 0 0 
Generation 2
0 0 0 0 0 0 0 0 
0 0 0 0 0 0 0 0 
0 0 0 0 0 0 0 0 
0 0 0 0 0 0 0 0 
0 0 0 0 0 0 0 0 
123466 91076 108700 48378 62385 626444 85449 104950 
0 0 0 0 0 0 0 0 
0 0 0 0 0 0 0 0 
Generation 3
0 0 0 0 0 0 0 0 
0 0 0 0 0 0 0 0 
0 0 0 0 0 0 0 0 
0 0 0 0 0 0 0 0 
0 0 0 0 0 0 0 0 
184427 24883 37101 67452 28845 54832 67599 44232 
0 0 0 0 0 0 0 0 
0 0 0 0 0 0 0 0 
Carried out 1618 GCs
Carried out 153 GCs
Generation 1
0 0 0 0 0 0 0 0 
0 0 0 0 0 0 0 0 
0 0 0 0 0 0 0 0 
0 0 0 0 0 0 0 0 
0 0 0 0 0 0 0 0 
0 0 0 0 0 0 0 0 
5376 4186 5904 7562 16529 5043 969307 5452 
0 0 0 0 0 0 0 0 
Generation 2
0 0 0 0 0 0 0 0 
0 0 0 0 0 0 0 0 
0 0 0 0 0 0 0 0 
0 0 0 0 0 0 0 0 
0 0 0 0 0 0 0 0 
0 0 0 0 0 0 0 0 
126096 93939 121456 46786 55881 113000 681783 99059 
0 0 0 0 0 0 0 0 
Generation 3
0 0 0 0 0 0 0 0 
0 0 0 0 0 0 0 0 
0 0 0 0 0 0 0 0 
0 0 0 0 0 0 0 0 
0 0 0 0 0 0 0 0 
0 0 0 0 0 0 0 0 
134343 24548 36812 66555 29667 53585 65748 43115 
0 0 0 0 0 0 0 0 
Carried out 1357 GCs
Carried out 135 GCs
Generation 1
0 0 0 0 0 0 0 0 
0 0 0 0 0 0 0 0 
0 0 0 0 0 0 0 0 
0 0 0 0 0 0 0 0 
0 0 0 0 0 0 0 0 
0 0 0 0 0 0 0 0 
0 0 0 0 0 0 0 0 
5036 4503 4302 4600 6014 5061 7090 934946 
Generation 2
0 0 0 0 0 0 0 0 
0 0 0 0 0 0 0 0 
0 0 0 0 0 0 0 0 
0 0 0 0 0 0 0 0 
0 0 0 0 0 0 0 0 
0 0 0 0 0 0 0 0 
0 0 0 0 0 0 0 0 
93829 86666 103196 45454 49761 96055 73830 611682 
Generation 3
0 0 0 0 0 0 0 0 
0 0 0 0 0 0 0 0 
0 0 0 0 0 0 0 0 
0 0 0 0 0 0 0 0 
0 0 0 0 0 0 0 0 
0 0 0 0 0 0 0 0 
0 0 0 0 0 0 0 0 
126871 24653 36995 61216 30074 49029 66376 42011 
Carried out 1443 GCs
Carried out 140 GCs
Generation 1
1083983 90412 115361 100757 98090 127719 117221 111106 
0 0 0 0 0 0 0 0 
0 0 0 0 0 0 0 0 
0 0 0 0 0 0 0 0 
0 0 0 0 0 0 0 0 
0 0 0 0 0 0 0 0 
0 0 0 0 0 0 0 0 
0 0 0 0 0 0 0 0 
Generation 2
1347300 289433 304259 146103 154025 231539 157334 172347 
0 0 0 0 0 0 0 0 
0 0 0 0 0 0 0 0 
0 0 0 0 0 0 0 0 
0 0 0 0 0 0 0 0 
0 0 0 0 0 0 0 0 
0 0 0 0 0 0 0 0 
0 0 0 0 0 0 0 0 
Generation 3
1294945 40831 59115 128016 43072 110314 113873 71640 
0 0 0 0 0 0 0 0 
0 0 0 0 0 0 0 0 
0 0 0 0 0 0 0 0 
0 0 0 0 0 0 0 0 
0 0 0 0 0 0 0 0 
0 0 0 0 0 0 0 0 
0 0 0 0 0 0 0 0 
Carried out 680 GCs
Carried out 102 GCs
Generation 1
0 0 0 0 0 0 0 0 
6648 913859 13877 17617 13333 12640 12148 28086 
0 0 0 0 0 0 0 0 
0 0 0 0 0 0 0 0 
0 0 0 0 0 0 0 0 
0 0 0 0 0 0 0 0 
0 0 0 0 0 0 0 0 
0 0 0 0 0 0 0 0 
Generation 2
0 0 0 0 0 0 0 0 
124703 636274 109652 44830 47872 100431 82780 103101 
0 0 0 0 0 0 0 0 
0 0 0 0 0 0 0 0 
0 0 0 0 0 0 0 0 
0 0 0 0 0 0 0 0 
0 0 0 0 0 0 0 0 
0 0 0 0 0 0 0 0 
Generation 3
0 0 0 0 0 0 0 0 
202876 24031 36345 64557 30134 50208 65752 43065 
0 0 0 0 0 0 0 0 
0 0 0 0 0 0 0 0 
0 0 0 0 0 0 0 0 
0 0 0 0 0 0 0 0 
0 0 0 0 0 0 0 0 
0 0 0 0 0 0 0 0 
Carried out 1980 GCs
Carried out 130 GCs
Generation 1
0 0 0 0 0 0 0 0 
0 0 0 0 0 0 0 0 
12898 13763 971374 38724 45908 80275 50199 56274 
0 0 0 0 0 0 0 0 
0 0 0 0 0 0 0 0 
0 0 0 0 0 0 0 0 
0 0 0 0 0 0 0 0 
0 0 0 0 0 0 0 0 
Generation 2
0 0 0 0 0 0 0 0 
0 0 0 0 0 0 0 0 
176647 118166 781424 75544 79935 158317 114618 138885 
0 0 0 0 0 0 0 0 
0 0 0 0 0 0 0 0 
0 0 0 0 0 0 0 0 
0 0 0 0 0 0 0 0 
0 0 0 0 0 0 0 0 
Generation 3
0 0 0 0 0 0 0 0 
0 0 0 0 0 0 0 0 
442819 28536 43854 80324 31615 67018 79525 49013 
0 0 0 0 0 0 0 0 
0 0 0 0 0 0 0 0 
0 0 0 0 0 0 0 0 
0 0 0 0 0 0 0 0 
0 0 0 0 0 0 0 0 
Carried out 985 GCs
Carried out 112 GCs
Generation 1
0 0 0 0 0 0 0 0 
0 0 0 0 0 0 0 0 
0 0 0 0 0 0 0 0 
5665 4888 18150 891133 17929 17302 21992 23969 
0 0 0 0 0 0 0 0 
0 0 0 0 0 0 0 0 
0 0 0 0 0 0 0 0 
0 0 0 0 0 0 0 0 
Generation 2
0 0 0 0 0 0 0 0 
0 0 0 0 0 0 0 0 
0 0 0 0 0 0 0 0 
127267 101469 123685 625007 60676 110004 93202 101800 
0 0 0 0 0 0 0 0 
0 0 0 0 0 0 0 0 
0 0 0 0 0 0 0 0 
0 0 0 0 0 0 0 0 
Generation 3
0 0 0 0 0 0 0 0 
0 0 0 0 0 0 0 0 
0 0 0 0 0 0 0 0 
243538 25666 37061 64620 28996 52599 64098 44282 
0 0 0 0 0 0 0 0 
0 0 0 0 0 0 0 0 
0 0 0 0 0 0 0 0 
0 0 0 0 0 0 0 0 
Carried out 487 GCs
Carried out 87 GCs
Generation 1
0 0 0 0 0 0 0 0 
0 0 0 0 0 0 0 0 
0 0 0 0 0 0 0 0 
0 0 0 0 0 0 0 0 
2351 2586 2337 1608 1020844 2425 3317 2479 
0 0 0 0 0 0 0 0 
0 0 0 0 0 0 0 0 
0 0 0 0 0 0 0 0 
Generation 2
0 0 0 0 0 0 0 0 
0 0 0 0 0 0 0 0 
0 0 0 0 0 0 0 0 
0 0 0 0 0 0 0 0 
119098 96075 117090 42068 870116 105202 79398 98769 
0 0 0 0 0 0 0 0 
0 0 0 0 0 0 0 0 
0 0 0 0 0 0 0 0 
Generation 3
0 0 0 0 0 0 0 0 
0 0 0 0 0 0 0 0 
0 0 0 0 0 0 0 0 
0 0 0 0 0 0 0 0 
112548 22927 33377 57471 28923 45477 61179 39460 
0 0 0 0 0 0 0 0 
0 0 0 0 0 0 0 0 
0 0 0 0 0 0 0 0 
Carried out 1248 GCs
Carried out 130 GCs
Generation 1
0 0 0 0 0 0 0 0 
0 0 0 0 0 0 0 0 
0 0 0 0 0 0 0 0 
0 0 0 0 0 0 0 0 
0 0 0 0 0 0 0 0 
4586 3335 8724 14631 21791 911252 10158 16263 
0 0 0 0 0 0 0 0 
0 0 0 0 0 0 0 0 
Generation 2
0 0 0 0 0 0 0 0 
0 0 0 0 0 0 0 0 
0 0 0 0 0 0 0 0 
0 0 0 0 0 0 0 0 
0 0 0 0 0 0 0 0 
124055 96216 115486 49926 51937 601986 83659 104708 
0 0 0 0 0 0 0 0 
0 0 0 0 0 0 0 0 
Generation 3
0 0 0 0 0 0 0 0 
0 0 0 0 0 0 0 0 
0 0 0 0 0 0 0 0 
0 0 0 0 0 0 0 0 
0 0 0 0 0 0 0 0 
180647 23603 35466 62642 28938 54168 64668 41662 
0 0 0 0 0 0 0 0 
0 0 0 0 0 0 0 0 
Carried out 795 GCs
Carried out 86 GCs
Generation 1
0 0 0 0 0 0 0 0 
0 0 0 0 0 0 0 0 
0 0 0 0 0 0 0 0 
0 0 0 0 0 0 0 0 
0 0 0 0 0 0 0 0 
0 0 0 0 0 0 0 0 
3014 2477 3001 4267 8147 4494 911025 2938 
0 0 0 0 0 0 0 0 
Generation 2
0 0 0 0 0 0 0 0 
0 0 0 0 0 0 0 0 
0 0 0 0 0 0 0 0 
0 0 0 0 0 0 0 0 
0 0 0 0 0 0 0 0 
0 0 0 0 0 0 0 0 
112451 94110 110859 44502 52303 102831 653068 96779 
0 0 0 0 0 0 0 0 
Generation 3
0 0 0 0 0 0 0 0 
0 0 0 0 0 0 0 0 
0 0 0 0 0 0 0 0 
0 0 0 0 0 0 0 0 
0 0 0 0 0 0 0 0 
0 0 0 0 0 0 0 0 
138471 21265 34528 59662 28662 47453 61391 39045 
0 0 0 0 0 0 0 0 
Carried out 1381 GCs
Carried out 134 GCs
Generation 1
0 0 0 0 0 0 0 0 
0 0 0 0 0 0 0 0 
0 0 0 0 0 0 0 0 
0 0 0 0 0 0 0 0 
0 0 0 0 0 0 0 0 
0 0 0 0 0 0 0 0 
0 0 0 0 0 0 0 0 
4140 2835 3653 3004 5708 3752 6231 965227 
Generation 2
0 0 0 0 0 0 0 0 
0 0 0 0 0 0 0 0 
0 0 0 0 0 0 0 0 
0 0 0 0 0 0 0 0 
0 0 0 0 0 0 0 0 
0 0 0 0 0 0 0 0 
0 0 0 0 0 0 0 0 
116257 90037 117456 47003 49487 110298 84330 675233 
Generation 3
0 0 0 0 0 0 0 0 
0 0 0 0 0 0 0 0 
0 0 0 0 0 0 0 0 
0 0 0 0 0 0 0 0 
0 0 0 0 0 0 0 0 
0 0 0 0 0 0 0 0 
0 0 0 0 0 0 0 0 
128848 22665 36112 65049 29813 52059 64547 41911 
Carried out 1603 GCs
Carried out 140 GCs
Generation 1
1747177 77850 115711 76049 76848 127408 87646 133028 
0 0 0 0 0 0 0 0 
0 0 0 0 0 0 0 0 
0 0 0 0 0 0 0 0 
0 0 0 0 0 0 0 0 
0 0 0 0 0 0 0 0 
0 0 0 0 0 0 0 0 
0 0 0 0 0 0 0 0 
Generation 2
1776543 246380 273861 134260 139380 195836 172890 186841 
0 0 0 0 0 0 0 0 
0 0 0 0 0 0 0 0 
0 0 0 0 0 0 0 0 
0 0 0 0 0 0 0 0 
0 0 0 0 0 0 0 0 
0 0 0 0 0 0 0 0 
0 0 0 0 0 0 0 0 
Generation 3
1304236 41683 58585 124525 40782 123347 113503 72799 
0 0 0 0 0 0 0 0 
0 0 0 0 0 0 0 0 
0 0 0 0 0 0 0 0 
0 0 0 0 0 0 0 0 
0 0 0 0 0 0 0 0 
0 0 0 0 0 0 0 0 
0 0 0 0 0 0 0 0 
Carried out 1165 GCs
Carried out 112 GCs
Generation 1
0 0 0 0 0 0 0 0 
118791 1470086 50950 54292 46202 59281 59266 51845 
0 0 0 0 0 0 0 0 
0 0 0 0 0 0 0 0 
0 0 0 0 0 0 0 0 
0 0 0 0 0 0 0 0 
0 0 0 0 0 0 0 0 
0 0 0 0 0 0 0 0 
Generation 2
0 0 0 0 0 0 0 0 
170751 1312996 156280 97981 82740 155091 114995 135782 
0 0 0 0 0 0 0 0 
0 0 0 0 0 0 0 0 
0 0 0 0 0 0 0 0 
0 0 0 0 0 0 0 0 
0 0 0 0 0 0 0 0 
0 0 0 0 0 0 0 0 
Generation 3
0 0 0 0 0 0 0 0 
612526 27305 41708 81997 32033 73019 79960 50860 
0 0 0 0 0 0 0 0 
0 0 0 0 0 0 0 0 
0 0 0 0 0 0 0 0 
0 0 0 0 0 0 0 0 
0 0 0 0 0 0 0 0 
0 0 0 0 0 0 0 0 
Carried out 1566 GCs
Carried out 137 GCs
Generation 1
0 0 0 0 0 0 0 0 
0 0 0 0 0 0 0 0 
7261 123135 1223348 45162 45437 47910 42371 44473 
0 0 0 0 0 0 0 0 
0 0 0 0 0 0 0 0 
0 0 0 0 0 0 0 0 
0 0 0 0 0 0 0 0 
0 0 0 0 0 0 0 0 
Generation 2
0 0 0 0 0 0 0 0 
0 0 0 0 0 0 0 0 
145548 117044 1096074 62964 73734 140300 109940 126089 
0 0 0 0 0 0 0 0 
0 0 0 0 0 0 0 0 
0 0 0 0 0 0 0 0 
0 0 0 0 0 0 0 0 
0 0 0 0 0 0 0 0 
Generation 3
0 0 0 0 0 0 0 0 
0 0 0 0 0 0 0 0 
423808 25861 41573 74220 30282 62667 73574 48733 
0 0 0 0 0 0 0 0 
0 0 0 0 0 0 0 0 
0 0 0 0 0 0 0 0 
0 0 0 0 0 0 0 0 
0 0 0 0 0 0 0 0 
Carried out 840 GCs
Carried out 80 GCs
Generation 1
0 0 0 0 0 0 0 0 
0 0 0 0 0 0 0 0 
0 0 0 0 0 0 0 0 
2392 2509 15198 1212550 25833 16293 29873 11619 
0 0 0 0 0 0 0 0 
0 0 0 0 0 0 0 0 
0 0 0 0 0 0 0 0 
0 0 0 0 0 0 0 0 
Generation 2
0 0 0 0 0 0 0 0 
0 0 0 0 0 0 0 0 
0 0 0 0 0 0 0 0 
120327 100830 118562 885302 75709 110737 93716 101947 
0 0 0 0 0 0 0 0 
0 0 0 0 0 0 0 0 
0 0 0 0 0 0 0 0 
0 0 0 0 0 0 0 0 
Generation 3
0 0 0 0 0 0 0 0 
0 0 0 0 0 0 0 0 
0 0 0 0 0 0 0 0 
227928 22798 34693 61988 28728 51000 62649 40670 
0 0 0 0 0 0 0 0 
0 0 0 0 0 0 0 0 
0 0 0 0 0 0 0 0 
0 0 0 0 0 0 0 0 
Carried out 296 GCs
Carried out 56 GCs
Generation 1
0 0 0 0 0 0 0 0 
0 0 0 0 0 0 0 0 
0 0 0 0 0 0 0 0 
0 0 0 0 0 0 0 0 
1051 933 1195 3549 1122672 1190 1913 1366 
0 0 0 0 0 0 0 0 
0 0 0 0 0 0 0 0 
0 0 0 0 0 0 0 0 
Generation 2
0 0 0 0 0 0 0 0 
0 0 0 0 0 0 0 0 
0 0 0 0 0 0 0 0 
0 0 0 0 0 0 0 0 
104312 91482 110744 40892 834496 95548 83607 94119 
0 0 0 0 0 0 0 0 
0 0 0 0 0 0 0 0 
0 0 0 0 0 0 0 0 
Generation 3
0 0 0 0 0 0 0 0 
0 0 0 0 0 0 0 0 
0 0 0 0 0 0 0 0 
0 0 0 0 0 0 0 0 
120234 20072 31059 52644 28107 44055 56016 37234 
0 0 0 0 0 0 0 0 
0 0 0 0 0 0 0 0 
0 0 0 0 0 0 0 0 
Carried out 1414 GCs
Carried out 122 GCs
Generation 1
0 0 0 0 0 0 0 0 
0 0 0 0 0 0 0 0 
0 0 0 0 0 0 0 0 
0 0 0 0 0 0 0 0 
0 0 0 0 0 0 0 0 
4535 4111 6059 10929 53491 1071326 11332 18460 
0 0 0 0 0 0 0 0 
0 0 0 0 0 0 0 0 
Generation 2
0 0 0 0 0 0 0 0 
0 0 0 0 0 0 0 0 
0 0 0 0 0 0 0 0 
0 0 0 0 0 0 0 0 
0 0 0 0 0 0 0 0 
110703 89566 105192 40931 65007 753622 79387 98868 
0 0 0 0 0 0 0 0 
0 0 0 0 0 0 0 0 
Generation 3
0 0 0 0 0 0 0 0 
0 0 0 0 0 0 0 0 
0 0 0 0 0 0 0 0 
0 0 0 0 0 0 0 0 
0 0 0 0 0 0 0 0 
180979 24152 38322 64322 28725 55948 67769 41927 
0 0 0 0 0 0 0 0 
0 0 0 0 0 0 0 0 
Carried out 1128 GCs
Carried out 104 GCs
Generation 1
0 0 0 0 0 0 0 0 
0 0 0 0 0 0 0 0 
0 0 0 0 0 0 0 0 
0 0 0 0 0 0 0 0 
0 0 0 0 0 0 0 0 
0 0 0 0 0 0 0 0 
3050 2356 2789 4937 9698 44735 1086582 2984 
0 0 0 0 0 0 0 0 
Generation 2
0 0 0 0 0 0 0 0 
0 0 0 0 0 0 0 0 
0 0 0 0 0 0 0 0 
0 0 0 0 0 0 0 0 
0 0 0 0 0 0 0 0 
0 0 0 0 0 0 0 0 
113379 94219 113231 48512 50080 97428 814305 101400 
0 0 0 0 0 0 0 0 
Generation 3
0 0 0 0 0 0 0 0 
0 0 0 0 0 0 0 0 
0 0 0 0 0 0 0 0 
0 0 0 0 0 0 0 0 
0 0 0 0 0 0 0 0 
0 0 0 0 0 0 0 0 
130884 22716 35442 59912 28109 49456 62334 38871 
0 0 0 0 0 0 0 0 
Carried out 1044 GCs
Carried out 82 GCs
Generation 1
0 0 0 0 0 0 0 0 
0 0 0 0 0 0 0 0 
0 0 0 0 0 0 0 0 
0 0 0 0 0 0 0 0 
0 0 0 0 0 0 0 0 
0 0 0 0 0 0 0 0 
0 0 0 0 0 0 0 0 
1046 1320 1397 1577 2032 2059 2458 1165098 
Generation 2
0 0 0 0 0 0 0 0 
0 0 0 0 0 0 0 0 
0 0 0 0 0 0 0 0 
0 0 0 0 0 0 0 0 
0 0 0 0 0 0 0 0 
0 0 0 0 0 0 0 0 
0 0 0 0 0 0 0 0 
113066 98997 117489 44949 51493 107641 83558 990376 
Generation 3
0 0 0 0 0 0 0 0 
0 0 0 0 0 0 0 0 
0 0 0 0 0 0 0 0 
0 0 0 0 0 0 0 0 
0 0 0 0 0 0 0 0 
0 0 0 0 0 0 0 0 
0 0 0 0 0 0 0 0 
132336 22923 35017 60639 29002 49112 63608 41860 
Carried out 1458 GCs
Carried out 124 GCs
Generation 1
1881578 69470 113492 99328 85834 101759 121924 106391 
0 0 0 0 0 0 0 0 
0 0 0 0 0 0 0 0 
0 0 0 0 0 0 0 0 
0 0 0 0 0 0 0 0 
0 0 0 0 0 0 0 0 
0 0 0 0 0 0 0 0 
0 0 0 0 0 0 0 0 
Generation 2
1853479 262594 292604 139841 136727 211735 158276 176816 
0 0 0 0 0 0 0 0 
0 0 0 0 0 0 0 0 
0 0 0 0 0 0 0 0 
0 0 0 0 0 0 0 0 
0 0 0 0 0 0 0 0 
0 0 0 0 0 0 0 0 
0 0 0 0 0 0 0 0 
Generation 3
1311147 43485 62453 127047 42659 111145 111519 68983 
0 0 0 0 0 0 0 0 
0 0 0 0 0 0 0 0 
0 0 0 0 0 0 0 0 
0 0 0 0 0 0 0 0 
0 0 0 0 0 0 0 0 
0 0 0 0 0 0 0 0 
0 0 0 0 0 0 0 0 
Carried out 1228 GCs
Carried out 82 GCs
Generation 1
0 0 0 0 0 0 0 0 
3783 1625594 38173 45261 62746 74527 47351 59503 
0 0 0 0 0 0 0 0 
0 0 0 0 0 0 0 0 
0 0 0 0 0 0 0 0 
0 0 0 0 0 0 0 0 
0 0 0 0 0 0 0 0 
0 0 0 0 0 0 0 0 
Generation 2
0 0 0 0 0 0 0 0 
170220 1465206 172324 81190 90014 152359 112949 134842 
0 0 0 0 0 0 0 0 
0 0 0 0 0 0 0 0 
0 0 0 0 0 0 0 0 
0 0 0 0 0 0 0 0 
0 0 0 0 0 0 0 0 
0 0 0 0 0 0 0 0 
Generation 3
0 0 0 0 0 0 0 0 
609911 26228 43374 79171 33644 72448 77699 47631 
0 0 0 0 0 0 0 0 
0 0 0 0 0 0 0 0 
0 0 0 0 0 0 0 0 
0 0 0 0 0 0 0 0 
0 0 0 0 0 0 0 0 
0 0 0 0 0 0 0 0 
Carried out 668 GCs
Carried out 89 GCs
Generation 1
0 0 0 0 0 0 0 0 
0 0 0 0 0 0 0 0 
4139 34530 1045021 4465 8045 4097 5425 3738 
0 0 0 0 0 0 0 0 
0 0 0 0 0 0 0 0 
0 0 0 0 0 0 0 0 
0 0 0 0 0 0 0 0 
0 0 0 0 0 0 0 0 
Generation 2
0 0 0 0 0 0 0 0 
0 0 0 0 0 0 0 0 
104605 87129 775302 42887 46062 99418 78769 93386 
0 0 0 0 0 0 0 0 
0 0 0 0 0 0 0 0 
0 0 0 0 0 0 0 0 
0 0 0 0 0 0 0 0 
0 0 0 0 0 0 0 0 
Generation 3
0 0 0 0 0 0 0 0 
0 0 0 0 0 0 0 0 
115050 22357 33209 59122 27359 44686 61005 37866 
0 0 0 0 0 0 0 0 
0 0 0 0 0 0 0 0 
0 0 0 0 0 0 0 0 
0 0 0 0 0 0 0 0 
0 0 0 0 0 0 0 0 
Carried out 162 GCs
Carried out 27 GCs
Generation 1
0 0 0 0 0 0 0 0 
0 0 0 0 0 0 0 0 
0 0 0 0 0 0 0 0 
562 537 64529 961999 3682 6005 3594 602 
0 0 0 0 0 0 0 0 
0 0 0 0 0 0 0 0 
0 0 0 0 0 0 0 0 
0 0 0 0 0 0 0 0 
Generation 2
0 0 0 0 0 0 0 0 
0 0 0 0 0 0 0 0 
0 0 0 0 0 0 0 0 
110505 95638 117870 946408 52668 107507 82857 100399 
0 0 0 0 0 0 0 0 
0 0 0 0 0 0 0 0 
0 0 0 0 0 0 0 0 
0 0 0 0 0 0 0 0 
Generation 3
0 0 0 0 0 0 0 0 
0 0 0 0 0 0 0 0 
0 0 0 0 0 0 0 0 
104609 19351 32282 55349 26329 41956 60211 36353 
0 0 0 0 0 0 0 0 
0 0 0 0 0 0 0 0 
0 0 0 0 0 0 0 0 
0 0 0 0 0 0 0 0 
Carried out 978 GCs
Carried out 111 GCs
Generation 1
0 0 0 0 0 0 0 0 
0 0 0 0 0 0 0 0 
0 0 0 0 0 0 0 0 
0 0 0 0 0 0 0 0 
3423 3186 10460 14978 1103911 6494 18672 21309 
0 0 0 0 0 0 0 0 
0 0 0 0 0 0 0 0 
0 0 0 0 0 0 0 0 
Generation 2
0 0 0 0 0 0 0 0 
0 0 0 0 0 0 0 0 
0 0 0 0 0 0 0 0 
0 0 0 0 0 0 0 0 
119799 100131 120818 51888 856994 110310 91832 111804 
0 0 0 0 0 0 0 0 
0 0 0 0 0 0 0 0 
0 0 0 0 0 0 0 0 
Generation 3
0 0 0 0 0 0 0 0 
0 0 0 0 0 0 0 0 
0 0 0 0 0 0 0 0 
0 0 0 0 0 0 0 0 
182468 22768 34983 61039 28773 52983 64670 38667 
0 0 0 0 0 0 0 0 
0 0 0 0 0 0 0 0 
0 0 0 0 0 0 0 0 
Carried out 1353 GCs
Carried out 116 GCs
Generation 1
0 0 0 0 0 0 0 0 
0 0 0 0 0 0 0 0 
0 0 0 0 0 0 0 0 
0 0 0 0 0 0 0 0 
0 0 0 0 0 0 0 0 
5267 3051 4806 13639 22478 1121568 5536 21462 
0 0 0 0 0 0 0 0 
0 0 0 0 0 0 0 0 
Generation 2
0 0 0 0 0 0 0 0 
0 0 0 0 0 0 0 0 
0 0 0 0 0 0 0 0 
0 0 0 0 0 0 0 0 
0 0 0 0 0 0 0 0 
108828 91714 109979 41486 60262 830069 80939 100767 
0 0 0 0 0 0 0 0 
0 0 0 0 0 0 0 0 
Generation 3
0 0 0 0 0 0 0 0 
0 0 0 0 0 0 0 0 
0 0 0 0 0 0 0 0 
0 0 0 0 0 0 0 0 
0 0 0 0 0 0 0 0 
186591 22580 35798 61568 28197 52269 65434 42129 
0 0 0 0 0 0 0 0 
0 0 0 0 0 0 0 0 
Carried out 844 GCs
Carried out 83 GCs
Generation 1
0 0 0 0 0 0 0 0 
0 0 0 0 0 0 0 0 
0 0 0 0 0 0 0 0 
0 0 0 0 0 0 0 0 
0 0 0 0 0 0 0 0 
0 0 0 0 0 0 0 0 
2071 1308 1655 4692 9762 2896 1121122 2467 
0 0 0 0 0 0 0 0 
Generation 2
0 0 0 0 0 0 0 0 
0 0 0 0 0 0 0 0 
0 0 0 0 0 0 0 0 
0 0 0 0 0 0 0 0 
0 0 0 0 0 0 0 0 
0 0 0 0 0 0 0 0 
109830 97017 120555 45538 54118 101350 908841 103721 
0 0 0 0 0 0 0 0 
Generation 3
0 0 0 0 0 0 0 0 
0 0 0 0 0 0 0 0 
0 0 0 0 0 0 0 0 
0 0 0 0 0 0 0 0 
0 0 0 0 0 0 0 0 
0 0 0 0 0 0 0 0 
133083 20952 32882 58910 29266 49780 64905 39629 
0 0 0 0 0 0 0 0 
Carried out 1076 GCs
Carried out 97 GCs
Generation 1
0 0 0 0 0 0 0 0 
0 0 0 0 0 0 0 0 
0 0 0 0 0 0 0 0 
0 0 0 0 0 0 0 0 
0 0 0 0 0 0 0 0 
0 0 0 0 0 0 0 0 
0 0 0 0 0 0 0 0 
3506 2521 2680 2393 5268 2791 32720 1064091 
Generation 2
0 0 0 0 0 0 0 0 
0 0 0 0 0 0 0 0 
0 0 0 0 0 0 0 0 
0 0 0 0 0 0 0 0 
0 0 0 0 0 0 0 0 
0 0 0 0 0 0 0 0 
0 0 0 0 0 0 0 0 
104181 94621 106620 33852 52203 96622 77018 734513 
Generation 3
0 0 0 0 0 0 0 0 
0 0 0 0 0 0 0 0 
0 0 0 0 0 0 0 0 
0 0 0 0 0 0 0 0 
0 0 0 0 0 0 0 0 
0 0 0 0 0 0 0 0 
0 0 0 0 0 0 0 0 
123989 21560 33767 58495 29124 49518 61867 40002 
