
Garbage Collection Locality Stats for Capability 0 on region 0
Carried out 16763 GCs
Carried out 1893 GCs
Carried out 0 GCs
29475196 4300224 22725124 
3016410 840364 396021 
2955324 885679 7630311 
2868859 941288 680135 
2876095 836975 3386334 
2965364 861741 5752130 
2850603 900675 9878680 
2851470 905556 2860125 
0 0 0 
0 0 0 
0 0 0 
0 0 0 
0 0 0 
0 0 0 
0 0 0 
0 0 0 
Garbage Collection Locality Stats for Capability 1 on region 1
Carried out 15835 GCs
Carried out 1913 GCs
Carried out 0 GCs
3450307 2149069 25092433 
39004021 4730211 311886 
3508537 1159923 14154769 
3424509 1139267 566469 
3547762 1091211 6601010 
3396794 1085927 4107126 
3494219 1200888 8772692 
3409977 1082208 7613146 
0 0 0 
0 0 0 
0 0 0 
0 0 0 
0 0 0 
0 0 0 
0 0 0 
0 0 0 
Garbage Collection Locality Stats for Capability 2 on region 2
Carried out 15275 GCs
Carried out 1874 GCs
Carried out 0 GCs
3758704 2148460 32413744 
3748084 1144661 181607 
38318561 4908263 14668712 
3810352 1178618 730668 
3775694 1134676 5339360 
3692087 1135943 5453841 
3835258 1223939 7923448 
3844113 1178198 3311040 
0 0 0 
0 0 0 
0 0 0 
0 0 0 
0 0 0 
0 0 0 
0 0 0 
0 0 0 
Garbage Collection Locality Stats for Capability 3 on region 3
Carried out 15079 GCs
Carried out 1841 GCs
Carried out 0 GCs
3943510 2137589 28863934 
3810570 1152234 860636 
3779040 1357824 22441762 
41695718 4858560 542724 
3811640 1143405 4434290 
3759253 1150738 5045657 
3839416 1133170 4053354 
3753985 1152729 6302584 
0 0 0 
0 0 0 
0 0 0 
0 0 0 
0 0 0 
0 0 0 
0 0 0 
0 0 0 
Garbage Collection Locality Stats for Capability 4 on region 4
Carried out 13873 GCs
Carried out 1660 GCs
Carried out 0 GCs
2933299 1669374 23647847 
2906113 851922 912992 
2770766 941698 8807484 
2830993 945426 581071 
28733788 3591032 5344778 
2775837 851195 2846835 
2877494 909040 7577269 
2781062 884013 1857786 
0 0 0 
0 0 0 
0 0 0 
0 0 0 
0 0 0 
0 0 0 
0 0 0 
0 0 0 
Garbage Collection Locality Stats for Capability 5 on region 5
Carried out 13916 GCs
Carried out 1652 GCs
Carried out 0 GCs
3016813 1658078 21260116 
2842657 872054 104319 
2799467 952985 15058456 
2810979 983334 450713 
2735692 919328 2444649 
30551710 3613574 4693203 
2854602 918066 6796773 
2864652 932075 3233581 
0 0 0 
0 0 0 
0 0 0 
0 0 0 
0 0 0 
0 0 0 
0 0 0 
0 0 0 
Garbage Collection Locality Stats for Capability 6 on region 6
Carried out 13844 GCs
Carried out 1673 GCs
Carried out 0 GCs
3977028 1878435 21644269 
3724528 973093 505003 
3907154 1031115 16154658 
3777703 1015692 701170 
3710085 1048248 4199702 
3711424 1068536 3380905 
34005922 4019132 15469995 
3843451 1087868 2662270 
0 0 0 
0 0 0 
0 0 0 
0 0 0 
0 0 0 
0 0 0 
0 0 0 
0 0 0 
Garbage Collection Locality Stats for Capability 7 on region 7
Carried out 13322 GCs
Carried out 1460 GCs
Carried out 0 GCs
2380800 1196746 15088213 
2127572 656284 521872 
2258247 669166 8722239 
2192882 688344 356289 
2059449 658422 2640874 
2125124 642366 2072782 
1953937 708877 5767744 
19959739 2360085 2111560 
0 0 0 
0 0 0 
0 0 0 
0 0 0 
0 0 0 
0 0 0 
0 0 0 
0 0 0 
Garbage Collection Locality Stats for Capability 8 on region 0
Carried out 13624 GCs
Carried out 1677 GCs
Carried out 0 GCs
41077909 5899250 31528942 
4022785 1098440 1148804 
4042447 1164768 15089509 
4179809 1163594 685677 
4072067 1138251 8358982 
3935424 1229586 4769089 
4058117 1284318 9713404 
3888300 1172134 2002186 
0 0 0 
0 0 0 
0 0 0 
0 0 0 
0 0 0 
0 0 0 
0 0 0 
0 0 0 
Garbage Collection Locality Stats for Capability 9 on region 1
Carried out 14245 GCs
Carried out 1693 GCs
Carried out 0 GCs
3318226 1986335 29368047 
36158951 4189030 1017078 
3337251 1045044 18691045 
3358163 1032040 719505 
3191050 1030291 3004901 
3308312 1026348 4202287 
3380295 1064522 3385068 
3320402 1075830 2797177 
0 0 0 
0 0 0 
0 0 0 
0 0 0 
0 0 0 
0 0 0 
0 0 0 
0 0 0 
Garbage Collection Locality Stats for Capability 10 on region 2
Carried out 13501 GCs
Carried out 1559 GCs
Carried out 0 GCs
2526815 1475216 20795605 
2624867 865512 325979 
24451963 3173863 9901745 
2675921 802469 626711 
2646315 785133 4306380 
2544721 769859 3089259 
2471039 803266 5965591 
2512509 817373 1065930 
0 0 0 
0 0 0 
0 0 0 
0 0 0 
0 0 0 
0 0 0 
0 0 0 
0 0 0 
Garbage Collection Locality Stats for Capability 11 on region 3
Carried out 14251 GCs
Carried out 1748 GCs
Carried out 0 GCs
3687365 2102497 30225072 
3542228 1156703 739507 
3613282 1259832 16555451 
39624291 4630617 658059 
3631090 1119242 4204601 
3696080 1129870 2802210 
3678782 1144367 6191232 
3686302 1133914 7020077 
0 0 0 
0 0 0 
0 0 0 
0 0 0 
0 0 0 
0 0 0 
0 0 0 
0 0 0 
Garbage Collection Locality Stats for Capability 12 on region 4
Carried out 13938 GCs
Carried out 1765 GCs
Carried out 0 GCs
3995159 2191573 25952468 
3819440 1166654 1382133 
3856359 1248018 19722492 
3924637 1275494 632156 
39678434 4942704 3516842 
3836367 1176293 4245223 
3898761 1232901 12192268 
3926236 1166965 4405062 
0 0 0 
0 0 0 
0 0 0 
0 0 0 
0 0 0 
0 0 0 
0 0 0 
0 0 0 
Garbage Collection Locality Stats for Capability 13 on region 5
Carried out 14105 GCs
Carried out 1678 GCs
Carried out 0 GCs
3490134 1928222 29370173 
3495929 1019598 348018 
3395772 1066039 15814275 
3341354 1104881 642032 
3345222 1105886 5727056 
37036729 4364518 6065066 
3542820 1093368 4535785 
3534659 1019486 2830868 
0 0 0 
0 0 0 
0 0 0 
0 0 0 
0 0 0 
0 0 0 
0 0 0 
0 0 0 
Garbage Collection Locality Stats for Capability 14 on region 6
Carried out 15842 GCs
Carried out 2146 GCs
Carried out 0 GCs
9293044 4320704 76000759 
9102259 2199562 489605 
9225876 2307045 32791460 
8920066 2249793 1667647 
8768617 2320465 12095367 
8792941 2208574 9488775 
87467663 10004169 21173104 
8916717 2388797 6225947 
0 0 0 
0 0 0 
0 0 0 
0 0 0 
0 0 0 
0 0 0 
0 0 0 
0 0 0 
Garbage Collection Locality Stats for Capability 15 on region 7
Carried out 13803 GCs
Carried out 1649 GCs
Carried out 0 GCs
3481953 1882580 24336077 
3514563 1020480 1908551 
3414410 1053611 19954533 
3335234 1003623 608325 
3380896 1019019 4001960 
3466550 1034005 2773122 
3520208 1248138 4396373 
33685649 4042294 3379862 
0 0 0 
0 0 0 
0 0 0 
0 0 0 
0 0 0 
0 0 0 
0 0 0 
0 0 0 
Garbage Collection Locality Stats for Capability 16 on region 0
Carried out 12744 GCs
Carried out 1608 GCs
Carried out 0 GCs
39031118 5455719 25031612 
3790509 1083653 1444482 
3831794 1128278 18976318 
3849350 1152663 572001 
3850914 1105768 5011855 
3773689 1168522 7312170 
3957195 1185690 6787034 
3762021 1178350 5062571 
0 0 0 
0 0 0 
0 0 0 
0 0 0 
0 0 0 
0 0 0 
0 0 0 
0 0 0 
Garbage Collection Locality Stats for Capability 17 on region 1
Carried out 13734 GCs
Carried out 1696 GCs
Carried out 0 GCs
3529758 2097710 24268058 
37929945 4390253 817461 
3655710 1100997 18428137 
3523474 1064099 722768 
3513837 1042310 5332064 
3554720 1070045 3995160 
3565299 1127861 10017316 
3493047 1143609 3315361 
0 0 0 
0 0 0 
0 0 0 
0 0 0 
0 0 0 
0 0 0 
0 0 0 
0 0 0 
Garbage Collection Locality Stats for Capability 18 on region 2
Carried out 14012 GCs
Carried out 1774 GCs
Carried out 0 GCs
4264020 2532543 33351582 
4228548 1371999 680623 
43536054 5424148 16850737 
4368235 1347370 669565 
4194717 1307293 6198752 
4257317 1345289 7259672 
4380915 1410674 10021520 
4303649 1341978 3955012 
0 0 0 
0 0 0 
0 0 0 
0 0 0 
0 0 0 
0 0 0 
0 0 0 
0 0 0 
Garbage Collection Locality Stats for Capability 19 on region 3
Carried out 14282 GCs
Carried out 1767 GCs
Carried out 0 GCs
4047442 2301283 27827262 
4025871 1208459 595483 
3920584 1413551 20928352 
43404964 5232370 505872 
4029777 1217999 4382196 
3992761 1219301 5380417 
4056366 1270043 6478459 
3986861 1166536 9877196 
0 0 0 
0 0 0 
0 0 0 
0 0 0 
0 0 0 
0 0 0 
0 0 0 
0 0 0 
Garbage Collection Locality Stats for Capability 20 on region 4
Carried out 13098 GCs
Carried out 1613 GCs
Carried out 0 GCs
3553242 1818128 20950246 
3204079 961042 892419 
3303062 991466 15045383 
3249266 1087691 426832 
31620096 3806710 3978446 
3254728 964564 3704807 
3364338 1032379 10477136 
3336000 992429 3677296 
0 0 0 
0 0 0 
0 0 0 
0 0 0 
0 0 0 
0 0 0 
0 0 0 
0 0 0 
Garbage Collection Locality Stats for Capability 21 on region 5
Carried out 13826 GCs
Carried out 1710 GCs
Carried out 0 GCs
3616698 2002287 24358617 
3498347 1032577 585128 
3518739 1129329 9405544 
3532956 1136028 706209 
3402707 1154073 5743182 
37983724 4393388 7538051 
3733766 1064744 13848572 
3549388 1024859 4213260 
0 0 0 
0 0 0 
0 0 0 
0 0 0 
0 0 0 
0 0 0 
0 0 0 
0 0 0 
Garbage Collection Locality Stats for Capability 22 on region 6
Carried out 14299 GCs
Carried out 1906 GCs
Carried out 0 GCs
7725995 3483678 58011561 
7637201 1753899 635764 
7699850 1866732 26577806 
7610078 1838495 843775 
7681259 1829691 3828236 
7112944 1828119 13879321 
69773539 7902339 13749457 
7497271 1939093 13344181 
0 0 0 
0 0 0 
0 0 0 
0 0 0 
0 0 0 
0 0 0 
0 0 0 
0 0 0 
Garbage Collection Locality Stats for Capability 23 on region 7
Carried out 13828 GCs
Carried out 1731 GCs
Carried out 0 GCs
4801144 2347850 33583242 
4659498 1272210 1648029 
4667164 1360605 17429266 
4717268 1289705 587528 
4645364 1316762 4811624 
4610724 1317439 5262931 
4622114 1452151 16588683 
46092889 5390469 2392023 
0 0 0 
0 0 0 
0 0 0 
0 0 0 
0 0 0 
0 0 0 
0 0 0 
0 0 0 
Garbage Collection Locality Stats for Capability 24 on region 0
Carried out 13404 GCs
Carried out 1815 GCs
Carried out 0 GCs
56781488 8326513 38694887 
5607687 1580248 725463 
5441279 1616879 29264996 
5346398 1611061 1106164 
5447097 1598493 10926347 
5278452 1643988 5621787 
5465163 1793138 7058577 
5345165 1726899 8023453 
0 0 0 
0 0 0 
0 0 0 
0 0 0 
0 0 0 
0 0 0 
0 0 0 
0 0 0 
Garbage Collection Locality Stats for Capability 25 on region 1
Carried out 13578 GCs
Carried out 1742 GCs
Carried out 0 GCs
3662469 2390863 26773739 
40335914 5041725 427495 
3732594 1210870 21477466 
3681843 1232682 705288 
3680906 1163997 2886388 
3600889 1211853 6219573 
3612074 1265070 4920303 
3555279 1232239 7127520 
0 0 0 
0 0 0 
0 0 0 
0 0 0 
0 0 0 
0 0 0 
0 0 0 
0 0 0 
Garbage Collection Locality Stats for Capability 26 on region 2
Carried out 12519 GCs
Carried out 1522 GCs
Carried out 0 GCs
2802091 1563389 19056624 
2777189 870094 811777 
25627995 3132803 13198672 
2817523 792965 497559 
2644513 866398 6855966 
2746843 855764 2465004 
2717234 859176 2814450 
2798800 861380 3019185 
0 0 0 
0 0 0 
0 0 0 
0 0 0 
0 0 0 
0 0 0 
0 0 0 
0 0 0 
Garbage Collection Locality Stats for Capability 27 on region 3
Carried out 13900 GCs
Carried out 1745 GCs
Carried out 0 GCs
4133940 2276051 28369903 
4063187 1286624 368395 
4060396 1365013 10446698 
43679671 5097792 1014235 
4164732 1218123 9570216 
4101070 1184858 5236849 
4257125 1240493 19388506 
4045582 1171246 2560925 
0 0 0 
0 0 0 
0 0 0 
0 0 0 
0 0 0 
0 0 0 
0 0 0 
0 0 0 
Garbage Collection Locality Stats for Capability 28 on region 4
Carried out 12848 GCs
Carried out 1625 GCs
Carried out 0 GCs
3742223 1884084 20350217 
3691351 998622 812758 
3585784 1022276 18630534 
3657917 1108005 734396 
35499029 4124995 7332212 
3637170 962428 7227206 
3759080 1087498 8087546 
3653467 1005864 1846356 
0 0 0 
0 0 0 
0 0 0 
0 0 0 
0 0 0 
0 0 0 
0 0 0 
0 0 0 
Garbage Collection Locality Stats for Capability 29 on region 5
Carried out 13503 GCs
Carried out 1701 GCs
Carried out 0 GCs
3790446 2069851 25515537 
3684784 1096887 1119459 
3599563 1148910 15372681 
3660032 1192719 660839 
3579552 1138416 5470190 
38315373 4561803 7252452 
3769471 1134922 9455538 
3785891 1087757 3307887 
0 0 0 
0 0 0 
0 0 0 
0 0 0 
0 0 0 
0 0 0 
0 0 0 
0 0 0 
Garbage Collection Locality Stats for Capability 30 on region 6
Carried out 13874 GCs
Carried out 1930 GCs
Carried out 0 GCs
8100093 3697106 48497854 
8048647 1804495 5256248 
7982121 1971770 39947639 
7956848 1894838 1016875 
7731476 1904911 8801408 
7664144 1915788 2655568 
73580704 8270405 23898199 
8078013 2086785 6911157 
0 0 0 
0 0 0 
0 0 0 
0 0 0 
0 0 0 
0 0 0 
0 0 0 
0 0 0 
Garbage Collection Locality Stats for Capability 31 on region 7
Carried out 12969 GCs
Carried out 1669 GCs
Carried out 0 GCs
4093125 2124307 27483722 
4009131 1116899 1999597 
4117955 1228989 16613168 
4057465 1168745 577689 
3992936 1133192 3987296 
3842551 1194903 4691217 
4009354 1341314 9816911 
38037129 4690598 6147938 
0 0 0 
0 0 0 
0 0 0 
0 0 0 
0 0 0 
0 0 0 
0 0 0 
0 0 0 
Garbage Collection Locality Stats for Capability 32 on region 0
Carried out 12113 GCs
Carried out 1520 GCs
Carried out 0 GCs
33283800 4966710 25966914 
3509376 964470 664788 
3427057 1042266 15514680 
3508839 1023368 507652 
3333404 1028733 2682118 
3356628 1060048 3955593 
3510333 1099315 8086712 
3321271 1059985 4384837 
0 0 0 
0 0 0 
0 0 0 
0 0 0 
0 0 0 
0 0 0 
0 0 0 
0 0 0 
Garbage Collection Locality Stats for Capability 33 on region 1
Carried out 12570 GCs
Carried out 1566 GCs
Carried out 0 GCs
3230731 1815163 25221280 
32600654 3823172 638050 
3077210 968620 16202341 
3094704 954355 669341 
3050110 926028 3756157 
3159227 940181 3913832 
3120278 986167 4366659 
3069040 994024 3094575 
0 0 0 
0 0 0 
0 0 0 
0 0 0 
0 0 0 
0 0 0 
0 0 0 
0 0 0 
Garbage Collection Locality Stats for Capability 34 on region 2
Carried out 11726 GCs
Carried out 1464 GCs
Carried out 0 GCs
2741579 1546966 20923183 
2735286 878281 276215 
25173025 3110083 12686862 
2762028 828986 589528 
2786686 799620 3819828 
2659859 763212 2873618 
2873784 892726 3696561 
2694587 854408 2527787 
0 0 0 
0 0 0 
0 0 0 
0 0 0 
0 0 0 
0 0 0 
0 0 0 
0 0 0 
Garbage Collection Locality Stats for Capability 35 on region 3
Carried out 12386 GCs
Carried out 1506 GCs
Carried out 0 GCs
2520002 1425497 18517298 
2457806 772405 161773 
2425163 892283 15290290 
25596486 3072416 288794 
2527919 783447 3434125 
2363849 751884 1875737 
2538765 804895 4041957 
2378402 842710 2079572 
0 0 0 
0 0 0 
0 0 0 
0 0 0 
0 0 0 
0 0 0 
0 0 0 
0 0 0 
Garbage Collection Locality Stats for Capability 36 on region 4
Carried out 11794 GCs
Carried out 1450 GCs
Carried out 0 GCs
3033880 1581423 16324669 
3164098 914164 1353026 
3125832 943904 18994023 
3066050 909325 298486 
29263543 3399047 918339 
3085915 822163 5121517 
3105334 905087 8166647 
3010499 885880 2548087 
0 0 0 
0 0 0 
0 0 0 
0 0 0 
0 0 0 
0 0 0 
0 0 0 
0 0 0 
Garbage Collection Locality Stats for Capability 37 on region 5
Carried out 11832 GCs
Carried out 1395 GCs
Carried out 0 GCs
1871626 1059698 14020740 
1828598 538556 289093 
1889397 559511 9088564 
1899234 624877 170677 
1929556 576962 1417883 
18822641 2191098 3621286 
2014332 569785 2813856 
1868082 581353 2419557 
0 0 0 
0 0 0 
0 0 0 
0 0 0 
0 0 0 
0 0 0 
0 0 0 
0 0 0 
Garbage Collection Locality Stats for Capability 38 on region 6
Carried out 11668 GCs
Carried out 1521 GCs
Carried out 0 GCs
4584279 2178128 28331094 
4805125 1103724 768113 
4488180 1166636 25980021 
4557716 1121218 754787 
4396687 1194304 3132705 
4694491 1107729 4353989 
40224209 4613221 9858489 
4619852 1243701 3467233 
0 0 0 
0 0 0 
0 0 0 
0 0 0 
0 0 0 
0 0 0 
0 0 0 
0 0 0 
Garbage Collection Locality Stats for Capability 39 on region 7
Carried out 12080 GCs
Carried out 1560 GCs
Carried out 0 GCs
3722381 1906630 24606848 
3512401 1072200 814456 
3567536 1066194 18853977 
3408457 1080065 560329 
3402868 1022487 4118685 
3390107 1007914 4149997 
3792281 1244104 6233069 
34052622 4149560 4286351 
0 0 0 
0 0 0 
0 0 0 
0 0 0 
0 0 0 
0 0 0 
0 0 0 
0 0 0 
Garbage Collection Locality Stats for Capability 40 on region 0
Carried out 11835 GCs
Carried out 1466 GCs
Carried out 0 GCs
34224799 4893964 26771336 
3652396 1005348 1663256 
3580858 1019378 23806359 
3589042 1034204 448744 
3605916 1039764 1233005 
3463092 974520 4033446 
3496800 1084779 2538843 
3601046 1099236 3359447 
0 0 0 
0 0 0 
0 0 0 
0 0 0 
0 0 0 
0 0 0 
0 0 0 
0 0 0 
Garbage Collection Locality Stats for Capability 41 on region 1
Carried out 11974 GCs
Carried out 1495 GCs
Carried out 0 GCs
2777331 1674273 19480989 
28570758 3303153 361154 
2743935 892076 12816090 
2697773 877962 557928 
2642969 845275 5581023 
2582051 836130 2856659 
2766119 857167 6966236 
2677110 939374 2014192 
0 0 0 
0 0 0 
0 0 0 
0 0 0 
0 0 0 
0 0 0 
0 0 0 
0 0 0 
Garbage Collection Locality Stats for Capability 42 on region 2
Carried out 11140 GCs
Carried out 1312 GCs
Carried out 0 GCs
2078618 1020222 14200280 
1951400 633867 34360 
16728117 2088034 5534270 
1889755 585911 420589 
1947808 555431 3911624 
1931081 560918 2195099 
2213792 621920 4888375 
1905454 604062 1794534 
0 0 0 
0 0 0 
0 0 0 
0 0 0 
0 0 0 
0 0 0 
0 0 0 
0 0 0 
Garbage Collection Locality Stats for Capability 43 on region 3
Carried out 11838 GCs
Carried out 1450 GCs
Carried out 0 GCs
2562494 1412244 19200193 
2445248 753328 124537 
2503120 829072 4546095 
26482567 3113934 385325 
2643395 772125 5762685 
2515463 723734 7942983 
2607662 757143 5522574 
2502040 727789 3793229 
0 0 0 
0 0 0 
0 0 0 
0 0 0 
0 0 0 
0 0 0 
0 0 0 
0 0 0 
Garbage Collection Locality Stats for Capability 44 on region 4
Carried out 12188 GCs
Carried out 1621 GCs
Carried out 0 GCs
4562356 2464287 26049576 
4658064 1292549 1019777 
4573161 1390494 19561796 
4523597 1384747 949047 
46269385 5657595 9189523 
4580033 1295407 4913190 
4604764 1368065 18019722 
4518517 1337878 4234242 
0 0 0 
0 0 0 
0 0 0 
0 0 0 
0 0 0 
0 0 0 
0 0 0 
0 0 0 
Garbage Collection Locality Stats for Capability 45 on region 5
Carried out 11871 GCs
Carried out 1466 GCs
Carried out 0 GCs
2839028 1639300 23375571 
2807501 838205 435157 
2947991 893403 12085245 
2840879 916411 423398 
2790009 954784 3937094 
30123029 3594297 4597787 
2946138 952565 4755898 
2861629 887955 3694860 
0 0 0 
0 0 0 
0 0 0 
0 0 0 
0 0 0 
0 0 0 
0 0 0 
0 0 0 
Garbage Collection Locality Stats for Capability 46 on region 6
Carried out 12054 GCs
Carried out 1616 GCs
Carried out 0 GCs
5957468 2622813 50051752 
6054147 1352957 281804 
5695755 1422819 23763889 
5810041 1338344 802037 
5938548 1414445 7582461 
5620299 1418287 7143910 
52656092 5897258 5169448 
6147559 1461537 4371554 
0 0 0 
0 0 0 
0 0 0 
0 0 0 
0 0 0 
0 0 0 
0 0 0 
0 0 0 
Garbage Collection Locality Stats for Capability 47 on region 7
Carried out 11649 GCs
Carried out 1474 GCs
Carried out 0 GCs
3933432 1940989 27971876 
3683000 1030199 344118 
3747649 1135687 17595983 
3813763 1079521 592858 
3670144 1051682 4719212 
3690838 1105984 3611553 
3688765 1253927 7524328 
35590219 4152096 3433260 
0 0 0 
0 0 0 
0 0 0 
0 0 0 
0 0 0 
0 0 0 
0 0 0 
0 0 0 
Garbage Collection Locality Stats for Capability 48 on region 0
Carried out 12040 GCs
Carried out 1506 GCs
Carried out 0 GCs
36704799 5286753 22587359 
3712365 1036201 746049 
3621910 1107006 29525441 
3811171 1112283 732187 
3590908 1106745 1795868 
3473429 1107842 3334800 
3750279 1193460 4695696 
3608242 1217549 3650309 
0 0 0 
0 0 0 
0 0 0 
0 0 0 
0 0 0 
0 0 0 
0 0 0 
0 0 0 
Garbage Collection Locality Stats for Capability 49 on region 1
Carried out 11048 GCs
Carried out 1343 GCs
Carried out 0 GCs
2054896 1122472 12767864 
19457491 2248877 159413 
1995369 578287 8611644 
2027921 603685 463352 
1986105 589175 2820171 
1919256 554524 2777985 
2010952 585139 5748638 
2048252 621471 2407813 
0 0 0 
0 0 0 
0 0 0 
0 0 0 
0 0 0 
0 0 0 
0 0 0 
0 0 0 
Garbage Collection Locality Stats for Capability 50 on region 2
Carried out 11106 GCs
Carried out 1375 GCs
Carried out 0 GCs
2951480 1546066 19389038 
2614786 861425 925368 
26123027 3144308 8754837 
2657405 815725 336432 
2734766 812125 2726345 
2705215 799227 6478668 
2857266 849385 6034716 
2726130 836131 4100223 
0 0 0 
0 0 0 
0 0 0 
0 0 0 
0 0 0 
0 0 0 
0 0 0 
0 0 0 
Garbage Collection Locality Stats for Capability 51 on region 3
Carried out 11624 GCs
Carried out 1454 GCs
Carried out 0 GCs
3196251 1661988 17244521 
3054676 884715 1277544 
3012146 1011364 15632774 
32737925 3712064 425438 
3224683 902924 5216032 
3238501 889606 3125079 
3052412 959476 11690058 
3141605 896106 2853029 
0 0 0 
0 0 0 
0 0 0 
0 0 0 
0 0 0 
0 0 0 
0 0 0 
0 0 0 
Garbage Collection Locality Stats for Capability 52 on region 4
Carried out 10833 GCs
Carried out 1327 GCs
Carried out 0 GCs
2848261 1483325 16866874 
2859082 762714 2221833 
2777943 835632 16391847 
2800411 851596 308447 
25956122 3030413 1698039 
2819921 782173 1645281 
2786859 825957 5863423 
2971254 787727 3643372 
0 0 0 
0 0 0 
0 0 0 
0 0 0 
0 0 0 
0 0 0 
0 0 0 
0 0 0 
Garbage Collection Locality Stats for Capability 53 on region 5
Carried out 11444 GCs
Carried out 1464 GCs
Carried out 0 GCs
3205594 1837119 25524010 
3076654 986250 1306392 
3115217 1031203 15093520 
3210450 1029466 649876 
3169406 1020463 4683682 
33406119 3998441 3156618 
3194063 978172 7429035 
3188310 966845 1484517 
0 0 0 
0 0 0 
0 0 0 
0 0 0 
0 0 0 
0 0 0 
0 0 0 
0 0 0 
Garbage Collection Locality Stats for Capability 54 on region 6
Carried out 11111 GCs
Carried out 1413 GCs
Carried out 0 GCs
4744898 2117905 43760106 
4464381 1077907 192500 
4664380 1175418 14394006 
4557806 1131426 790367 
4503284 1211957 5480783 
4426330 1196723 2504343 
40588034 4632444 3721357 
4638834 1264701 6223344 
0 0 0 
0 0 0 
0 0 0 
0 0 0 
0 0 0 
0 0 0 
0 0 0 
0 0 0 
Garbage Collection Locality Stats for Capability 55 on region 7
Carried out 10874 GCs
Carried out 1365 GCs
Carried out 0 GCs
3376686 1725100 23833675 
3358183 910008 467622 
3444212 964347 12803699 
3181894 926025 550163 
3212539 941678 3192689 
3295316 946018 4096339 
3269869 1059258 10838796 
31201316 3587301 2132408 
0 0 0 
0 0 0 
0 0 0 
0 0 0 
0 0 0 
0 0 0 
0 0 0 
0 0 0 
Garbage Collection Locality Stats for Capability 56 on region 0
Carried out 12770 GCs
Carried out 1641 GCs
Carried out 0 GCs
47253805 6371610 38321411 
4878529 1237445 1599991 
4773388 1237492 14870948 
4629833 1247576 658914 
4714417 1244975 4596527 
4636758 1276964 4654486 
4837075 1344737 14602092 
4593015 1300513 4827331 
0 0 0 
0 0 0 
0 0 0 
0 0 0 
0 0 0 
0 0 0 
0 0 0 
0 0 0 
Garbage Collection Locality Stats for Capability 57 on region 1
Carried out 11172 GCs
Carried out 1412 GCs
Carried out 0 GCs
2831308 1666673 23171505 
30092267 3406853 1657581 
2891314 853442 14483200 
2832237 848299 483529 
2813679 828236 3926096 
2737870 840731 2689866 
2930506 949808 4274110 
2815821 868973 1760329 
0 0 0 
0 0 0 
0 0 0 
0 0 0 
0 0 0 
0 0 0 
0 0 0 
0 0 0 
Garbage Collection Locality Stats for Capability 58 on region 2
Carried out 10688 GCs
Carried out 1285 GCs
Carried out 0 GCs
2241386 1330874 19851725 
2129590 802310 148861 
21763722 2672492 8682273 
2219641 739517 384672 
2343935 712996 2722517 
2303894 710903 3310201 
2299384 816734 3083498 
2273970 737366 3020055 
0 0 0 
0 0 0 
0 0 0 
0 0 0 
0 0 0 
0 0 0 
0 0 0 
0 0 0 
Garbage Collection Locality Stats for Capability 59 on region 3
Carried out 10832 GCs
Carried out 1285 GCs
Carried out 0 GCs
2333029 1310064 20624233 
2313548 700427 406722 
2277865 816324 7101140 
24035652 2723546 536072 
2302583 665699 4646204 
2345275 705992 3154231 
2351833 691397 5839603 
2318315 705778 978617 
0 0 0 
0 0 0 
0 0 0 
0 0 0 
0 0 0 
0 0 0 
0 0 0 
0 0 0 
Garbage Collection Locality Stats for Capability 60 on region 4
Carried out 10156 GCs
Carried out 1202 GCs
Carried out 0 GCs
1902336 979282 14411473 
1746258 534011 319656 
1733252 562945 6678910 
1798111 631305 324298 
16015382 1874551 2088222 
1834023 514737 1571100 
1795796 542293 3043958 
1785954 547531 2157412 
0 0 0 
0 0 0 
0 0 0 
0 0 0 
0 0 0 
0 0 0 
0 0 0 
0 0 0 
Garbage Collection Locality Stats for Capability 61 on region 5
Carried out 11169 GCs
Carried out 1434 GCs
Carried out 0 GCs
3471471 1745542 25272932 
3358899 916623 530855 
3412419 954105 14580210 
3332541 973594 502293 
3377865 1008951 1982150 
35394632 3926705 8185795 
3476004 955614 6415426 
3435370 889272 4611609 
0 0 0 
0 0 0 
0 0 0 
0 0 0 
0 0 0 
0 0 0 
0 0 0 
0 0 0 
Garbage Collection Locality Stats for Capability 62 on region 6
Carried out 10854 GCs
Carried out 1353 GCs
Carried out 0 GCs
4201056 1953132 34646268 
4200049 1008783 1918832 
4085877 1071502 13229957 
4057348 1032928 499277 
4009632 1073093 3149892 
3998448 1048057 2385377 
36318879 4220506 8777903 
4209959 1110254 4921844 
0 0 0 
0 0 0 
0 0 0 
0 0 0 
0 0 0 
0 0 0 
0 0 0 
0 0 0 
Garbage Collection Locality Stats for Capability 63 on region 7
Carried out 10502 GCs
Carried out 1255 GCs
Carried out 0 GCs
2628028 1240740 20975711 
2636238 666988 75137 
2545831 739281 8691651 
2733911 711068 523401 
2504853 696007 3522215 
2492818 675901 2977148 
2624726 785205 5468293 
24108029 2719091 1890707 
0 0 0 
0 0 0 
0 0 0 
0 0 0 
0 0 0 
0 0 0 
0 0 0 
0 0 0 
